(806,inf),(352,1,51,2718),(352,1,51,2718),16.9911050797),
(806,inf),(344,0,51,2694),(344,0,51,2694),16.7298340797),
(806,inf),(343,0,51,2692),(343,0,51,2692),16.7065608501),
(806,inf),(352,0,51,2610),(352,0,51,2610),16.7707669735),
(806,inf),(344,1,51,2702),(344,1,51,2702),16.7974290848),
((830,166),(344,0,51,2658),(344,0,51,2658),33.1702299118),
((830,166),(344,0,51,2704),(344,0,51,2704),33.7884280682),
((830,166),(344,0,51,2646),(344,0,51,2646),34.3511250019),
((830,166),(344,0,51,2716),(344,0,51,2716),33.7649719715),
((830,166),(340,0,51,2706),(340,0,51,2706),36.007994175),
((340,166),(340,22,51,3142),(340,22,51,3136),34.0013971329),
((340,166),(337,0,51,2708),(337,0,51,2708),33.2645609379),
((340,166),(340,0,51,2672),(340,0,51,2672),33.6737380028),
((335,166),(335,16,51,3490),(335,16,51,3432),35.525192976),
(806,80),(352,1,51,2712),(352,1,51,2712),17.1807529926),
(806,80),(344,0,51,2724),(344,0,51,2724),17.1194221973),
(806,80),(344,0,51,2670),(344,0,51,2670),17.059169054),
(806,80),(344,0,51,2652),(344,0,51,2652),17.0529420376),
(806,80),(352,1,51,2698),(352,1,51,2698),17.1648130417),
(344,80),(344,0,51,2650),(344,0,51,2650),17.2405800819),
(344,80),(344,0,51,2670),(344,0,51,2670),17.1956989765),
(344,80),(344,0,51,2658),(344,0,51,2658),17.2781739235),
(344,80),(344,0,51,2688),(344,0,51,2688),17.2446420193),
(339,80),(339,19,51,3150),(339,19,51,3150),18.4633500576),
(339,80),(339,16,51,3220),(339,16,51,3202),18.3725860119),
(339,80),(339,16,51,3248),(339,16,51,3242),18.3561339378),
(339,80),(339,27,51,3236),(339,27,51,3226),18.2212560177),
((830,41),(344,1,51,2684),(344,1,51,2684),34.3196439743),
((830,41),(352,0,51,2716),(352,0,51,2716),34.1646358967),
((830,41),(344,0,51,2692),(344,0,51,2692),34.193518877),
((830,41),(344,0,51,2668),(344,0,51,2668),35.4543249607),
((830,41),(344,1,51,2682),(344,1,51,2674),35.3854990005),
((344,41),(343,0,51,2680),(343,0,51,2680),33.5467028618),
((344,41),(344,1,51,2712),(344,1,51,2712),35.9528110027),
((344,41),(344,1,51,2696),(344,1,51,2696),35.3316628933),
((344,41),(344,41,51,3578),(344,41,51,3422),40.6213281155),
((344,41),(341,0,51,2668),(341,0,51,2668),34.8317368031),
((339,41),(339,16,51,3154),(339,16,51,3142),35.5964648724),
(806,0),(344,0,51,2648),(344,0,51,2648),16.6124529839),
(806,0),(344,0,51,2666),(344,0,51,2662),16.43323493),
(806,0),(343,0,51,2660),(343,0,51,2660),16.6090359688),
(806,0),(352,0,51,2612),(352,0,51,2612),16.5284659863),
(806,0),(344,0,51,2658),(344,0,51,2658),16.5728290081),
(343,0),(343,0,51,3230),(343,0,51,3172),17.0991430283),
(343,0),(343,0,51,3144),(342,0,51,3120),17.1266820431),
(343,0),(343,0,51,3078),(342,0,51,3042),17.3020670414),
