((1089,inf),(401,0,47,3299),(401,0,47,3299),37.6840980053),
((1089,inf),(416,1,47,3287),(416,1,47,3283),35.7551300526),
((1089,inf),(401,0,47,3247),(401,0,47,3247),37.534760952),
((1089,inf),(389,0,47,3309),(389,0,47,3309),35.9654941559),
((1089,inf),(407,1,47,3305),(407,1,47,3301),38.8968231678),
((389,inf),(380,0,47,3277),(380,0,47,3277),39.1583530903),
((389,inf),(389,9,47,3327),(389,9,47,3327),42.4368679523),
((384,inf),(380,0,47,3277),(380,0,47,3277),40.3845360279),
((1089,217),(422,1,47,3309),(422,1,47,3309),37.6807699203),
((1089,217),(380,0,47,3277),(380,0,47,3277),37.9547400475),
((1089,217),(416,2,47,3309),(416,2,47,3307),37.9494979382),
((1089,217),(396,1,47,3281),(396,1,47,3281),37.4727377892),
((1089,217),(393,0,47,3275),(393,0,47,3275),37.7444460392),
((1089,108),(422,1,47,3309),(422,1,47,3309),40.5755751133),
((1089,108),(380,0,47,3277),(380,0,47,3277),41.250743866),
((1089,108),(416,2,47,3309),(416,2,47,3307),40.3318939209),
((1089,108),(396,1,47,3281),(396,1,47,3281),39.4283821583),
((1089,108),(393,0,47,3275),(393,0,47,3275),39.3848750591),
((1089,54),(422,1,47,3309),(422,1,47,3309),42.2099030018),
((1089,54),(380,0,47,3277),(380,0,47,3277),39.6925308704),
((1089,54),(416,2,47,3309),(416,2,47,3307),40.4945428371),
((1089,54),(396,1,47,3281),(396,1,47,3281),40.0266740322),
((1089,54),(393,0,47,3275),(393,0,47,3275),38.8264100552),
((1089,0),(388,0,47,3273),(388,0,47,3267),38.3349859715),
((1089,0),(412,0,47,3239),(412,0,47,3239),37.4624679089),
((1089,0),(401,0,47,3229),(401,0,47,3229),39.5134310722),
((1089,0),(392,0,47,3263),(392,0,47,3263),40.6224141121),
((1089,0),(396,0,47,3237),(396,0,47,3237),38.0285360813),
((388,0),(386,0,47,3259),(386,0,47,3255),40.0991179943),
((388,0),(384,0,47,3247),(384,0,47,3247),40.8269510269),
((388,0),(388,0,47,3243),(388,0,47,3243),40.3132150173),
((383,0),(383,0,47,3487),(383,0,47,3415),41.0987260342),
((383,0),(383,0,47,3367),(383,0,47,3353),39.3618261814),
((378,0),(378,0,47,3349),(378,0,47,3329),40.729156971),
