((979,inf),(480,1,89,3374),(480,1,89,3370),64.9430849552),
((979,inf),(480,1,89,3418),(480,1,89,3418),66.1799499989),
((979,inf),(480,1,89,3416),(480,1,89,3416),67.0286221504),
((979,inf),(480,1,89,3428),(480,1,89,3428),67.3752689362),
((979,inf),(480,1,89,3490),(480,1,89,3490),67.6522419453),
((480,inf),(480,2,89,3400),(480,2,89,3400),69.0115041733),
((480,inf),(480,1,89,3428),(480,1,89,3428),67.6185648441),
((480,inf),(480,1,89,3416),(480,1,89,3416),68.2028019428),
((480,inf),(480,0,89,3374),(480,0,89,3374),68.6762449741),
((480,inf),(480,2,89,3446),(480,2,89,3444),68.9102158546),
((979,195),(480,0,89,3422),(480,0,89,3418),67.5927209854),
((979,195),(480,2,89,3416),(480,2,89,3416),68.442057848),
((979,195),(480,1,89,3470),(480,1,89,3470),66.9863879681),
((979,195),(480,1,89,3368),(480,1,89,3368),67.0818059444),
((979,195),(480,1,89,3452),(480,1,89,3448),66.3543820381),
((480,195),(480,0,89,3368),(480,0,89,3368),69.6534790993),
((480,195),(480,1,89,3452),(480,1,89,3452),70.8477408886),
((480,195),(480,2,89,3390),(480,2,89,3390),74.4534490108),
((480,195),(480,2,89,3488),(480,2,89,3484),68.6456568241),
((480,195),(480,1,89,3408),(480,1,89,3408),70.1182830334),
((979,97),(480,0,89,3422),(480,0,89,3418),64.537104845),
((979,97),(480,2,89,3416),(480,2,89,3416),66.0511069298),
((979,97),(480,1,89,3470),(480,1,89,3470),65.62063694),
((979,97),(480,1,89,3368),(480,1,89,3368),62.9430398941),
((979,97),(480,1,89,3452),(480,1,89,3448),65.7221069336),
((480,97),(480,0,89,3368),(480,0,89,3368),66.8113360405),
((480,97),(480,1,89,3452),(480,1,89,3452),68.7506868839),
((480,97),(480,2,89,3390),(480,2,89,3390),68.6839129925),
((480,97),(480,2,89,3488),(480,2,89,3484),66.074794054),
((480,97),(480,1,89,3408),(480,1,89,3408),64.4358801842),
((979,48),(480,0,89,3422),(480,0,89,3418),70.4903879166),
((979,48),(480,2,89,3416),(480,2,89,3416),69.7662780285),
((979,48),(480,1,89,3470),(480,1,89,3470),67.1703329086),
((979,48),(480,1,89,3368),(480,1,89,3368),66.9527518749),
((979,48),(480,1,89,3452),(480,1,89,3448),68.497508049),
((480,48),(480,0,89,3368),(480,0,89,3368),71.4215960503),
((480,48),(480,1,89,3452),(480,1,89,3452),71.3376379013),
((480,48),(480,2,89,3390),(480,2,89,3390),68.9429349899),
((480,48),(480,2,89,3488),(480,2,89,3484),69.075551033),
((480,48),(480,1,89,3408),(480,1,89,3408),69.7986760139),
((979,0),(480,0,89,3334),(480,0,89,3332),64.4113709927),
((979,0),(480,0,89,3430),(480,0,89,3430),64.56894207),
((979,0),(480,0,89,3384),(480,0,89,3384),65.1467199326),
((979,0),(480,0,89,3358),(480,0,89,3358),63.7164871693),
((979,0),(480,0,89,3390),(480,0,89,3386),65.3604879379),
((480,0),(480,0,89,3366),(480,0,89,3366),67.084761858),
((480,0),(480,0,89,3374),(480,0,89,3374),68.1651759148),
((480,0),(480,0,89,3360),(480,0,89,3360),69.6123330593),
((480,0),(480,0,89,3326),(480,0,89,3326),68.0194830894),
((480,0),(480,0,89,3376),(480,0,89,3374),67.9417290688),
((475,0),(475,0,89,5084),(475,0,89,5056),69.2694330215),
((475,0),(475,0,89,9532),(459,0,89,7986),75.0720071793),
((475,0),(475,0,89,5038),(475,0,89,4968),69.6314060688),
((470,0),(470,0,89,9220),(460,0,89,7848),72.6475100517),
((465,0),(465,0,89,9144),(455,0,89,7448),71.2709228992),
((465,0),(465,0,89,9200),(449,0,89,7394),72.4831609726),
((465,0),(465,0,89,9378),(464,0,89,8338),70.2143139839),
((465,0),(465,0,89,8910),(449,0,89,7800),71.9264550209),
((460,0),(460,0,89,9202),(451,0,89,8008),72.2426300049),
((460,0),(460,0,89,8994),(450,0,89,7984),73.6439709663),
((455,0),(455,0,89,8732),(453,0,89,7454),71.7803318501),
((455,0),(455,0,89,8830),(451,0,89,7946),70.1579940319),
((455,0),(455,0,89,8932),(452,0,89,8078),70.9855978489),
((450,0),(450,0,89,7918),(447,0,89,7170),70.1085340977),
((450,0),(450,0,89,8282),(445,0,89,7594),69.3729629517),
((450,0),(450,0,89,8374),(445,0,89,7428),76.5662250519),
((445,0),(445,0,89,8792),(433,0,89,7706),74.0114059448),
((445,0),(445,0,89,8990),(440,0,89,7604),72.9016969204),
