((988,inf),(421,2,57,3557),(420,2,57,3553),46.0331480503),
((988,inf),(418,6,57,3595),(418,6,57,3595),45.4103319645),
((988,inf),(444,5,57,3581),(444,5,57,3581),45.5964050293),
((988,inf),(418,1,57,3437),(418,1,57,3435),44.4917321205),
((988,inf),(427,2,57,3575),(427,2,57,3575),45.3490869999),
((418,inf),(413,2,57,3549),(413,2,57,3549),45.8734059334),
((418,inf),(416,0,57,3425),(416,0,57,3425),47.7304480076),
((413,inf),(413,2,57,3553),(413,2,57,3549),48.3269608021),
((988,197),(413,2,57,3549),(413,2,57,3549),46.2985420227),
((988,197),(421,1,57,3493),(421,1,57,3493),46.2692029476),
((988,197),(421,2,57,3469),(421,2,57,3469),47.1106188297),
((988,197),(416,0,57,3425),(416,0,57,3425),46.5447320938),
((988,197),(439,15,57,3725),(439,15,57,3723),47.0829591751),
((413,197),(413,61,57,4045),(413,61,57,3987),57.4676020145),
((408,197),(408,68,57,4107),(408,68,57,3979),50.3785281181),
((988,98),(421,2,57,3439),(421,2,57,3439),49.2314441204),
((988,98),(410,1,57,3541),(410,1,57,3541),47.6677498817),
((988,98),(425,8,57,3607),(425,8,57,3603),47.748666048),
((988,98),(417,2,57,3433),(417,2,57,3433),45.4221351147),
((988,98),(419,7,57,3631),(419,7,57,3631),44.8202171326),
((988,49),(421,2,57,3439),(421,2,57,3439),45.1409740448),
((988,49),(410,1,57,3541),(410,1,57,3541),48.1394331455),
((988,49),(425,8,57,3607),(425,8,57,3603),47.8872258663),
((988,49),(417,2,57,3433),(417,2,57,3433),45.0334031582),
((988,49),(419,7,57,3631),(419,7,57,3631),46.2873291969),
((988,0),(420,0,57,3483),(420,0,57,3483),46.0806019306),
((988,0),(411,0,57,3485),(411,0,57,3485),44.7484600544),
((988,0),(424,0,57,3475),(424,0,57,3471),43.1708819866),
((988,0),(418,0,57,3403),(418,0,57,3403),43.6128740311),
((988,0),(418,0,57,3463),(418,0,57,3463),44.5546009541),
((411,0),(411,0,57,3485),(411,0,57,3461),45.2827401161),
((411,0),(411,0,57,3491),(411,0,57,3449),47.3452391624),
((406,0),(406,0,57,3517),(406,0,57,3441),44.6396148205),
((401,0),(401,0,57,3453),(401,0,57,3425),44.4018321037),
