((177,inf),(112,0,29,442),(112,0,29,442),4.13749098778),
((177,inf),(112,0,29,440),(112,0,29,440),4.18322920799),
((177,inf),(107,0,29,474),(107,0,29,474),4.18546819687),
((177,inf),(112,0,29,440),(112,0,29,440),4.16864299774),
((177,inf),(112,0,29,440),(112,0,29,440),4.14521408081),
((107,inf),(107,16,29,602),(107,16,29,602),4.25583815575),
((107,inf),(107,10,29,590),(107,10,29,588),4.27718806267),
((107,inf),(107,11,29,606),(107,11,29,606),4.25897479057),
((107,inf),(107,17,29,596),(107,17,29,596),4.25039291382),
((107,inf),(107,16,29,596),(107,16,29,596),4.32388305664),
((102,inf),(102,10,29,640),(102,10,29,640),4.28807878494),
((102,inf),(101,18,29,724),(101,18,29,724),4.34055089951),
((102,inf),(102,7,29,612),(102,7,29,594),4.34207201004),
((102,inf),(102,10,29,640),(102,10,29,640),4.30330705643),
((102,inf),(102,7,29,622),(102,7,29,622),4.26091480255),
((97,inf),(97,7,29,626),(97,7,29,624),4.25801801682),
((97,inf),(97,5,29,628),(97,5,29,628),4.27698898315),
((97,inf),(97,4,29,594),(97,4,29,586),4.26912689209),
((97,inf),(97,8,29,624),(97,8,29,624),4.28321003914),
((97,inf),(97,9,29,640),(97,9,29,640),4.23571395874),
((92,inf),(92,11,29,752),(92,11,29,718),4.38097405434),
((92,inf),(92,10,29,730),(92,10,29,684),4.35826921463),
((92,inf),(92,16,29,784),(92,16,29,762),4.37057900429),
((92,inf),(92,14,29,774),(92,14,29,742),4.33848381042),
((92,inf),(92,11,29,740),(92,11,29,720),4.44849801064),
((87,inf),(87,18,29,750),(87,18,29,740),4.39950895309),
((87,inf),(87,8,29,762),(87,8,29,736),4.25450706482),
((87,inf),(87,14,29,720),(87,14,29,720),4.36856794357),
((87,inf),(87,12,29,774),(87,12,29,736),4.29926800728),
((87,inf),(87,12,29,726),(87,12,29,680),4.39425396919),
((82,inf),(82,17,29,782),(82,17,29,766),4.64313602448),
((82,inf),(82,13,29,708),(82,13,29,696),4.49534702301),
((82,inf),(82,11,29,704),(82,11,29,698),4.46723914146),
((82,inf),(82,20,29,778),(82,20,29,766),4.5677690506),
((82,inf),(82,10,29,716),(82,10,29,708),4.37738013268),
((77,inf),(77,12,29,710),(77,12,29,698),5.10634303093),
((77,inf),(77,20,29,770),(77,20,29,744),5.40125107765),
((77,inf),(77,15,29,736),(77,15,29,732),4.50880217552),
((77,inf),(77,17,29,752),(77,17,29,734),4.43230390549),
((77,inf),(77,17,29,746),(77,17,29,726),4.41162586212),
((72,inf),(72,25,34,840),(72,25,34,814),22.4794559479),
((72,inf),(72,23,34,830),(72,23,34,798),22.7583348751),
((72,inf),(72,38,34,810),(72,38,34,780),20.7214159966),
((72,inf),(72,19,34,820),(72,19,34,780),20.2284188271),
((72,inf),(72,28,34,836),(72,28,34,808),21.2201738358),
((67,inf),(67,36,39,842),(67,36,39,820),35.5381059647),
((67,inf),(67,32,39,850),(67,32,39,820),41.8807079792),
((67,inf),(67,35,39,852),(67,35,39,800),36.3567390442),
((67,inf),(67,36,39,900),(67,36,39,868),37.4022951126),
((67,inf),(67,36,44,1006),(67,36,44,956),53.0171480179),
((62,inf),(62,34,59,1174),(62,34,59,1116),97.8638598919),
((62,inf),(62,40,64,1324),(62,40,64,1246),119.598320007),
((177,35),(112,0,29,440),(112,0,29,440),4.16154313087),
((177,35),(112,0,29,440),(112,0,29,440),4.21122789383),
((177,35),(112,0,29,450),(112,0,29,450),4.19568300247),
((177,35),(112,0,29,446),(112,0,29,446),4.08077692986),
((177,35),(112,0,29,440),(112,0,29,440),3.71768593788),
((112,35),(112,0,29,440),(112,0,29,440),3.79961109161),
((112,35),(112,0,29,440),(112,0,29,440),3.81774806976),
((112,35),(112,14,29,622),(111,14,29,620),3.9964299202),
((112,35),(112,0,29,448),(112,0,29,448),4.2340118885),
((112,35),(112,0,29,440),(112,0,29,440),4.3007440567),
((107,35),(107,7,29,558),(107,7,29,558),4.30796003342),
((107,35),(107,11,29,564),(107,11,29,564),4.25909996033),
((107,35),(107,8,29,592),(107,8,29,592),4.26506614685),
((107,35),(107,7,29,560),(107,7,29,560),4.26840496063),
((107,35),(107,7,29,560),(107,7,29,560),4.27150511742),
((102,35),(102,6,29,636),(102,6,29,632),4.24854516983),
((102,35),(102,5,29,582),(101,5,29,562),4.36612010002),
((102,35),(102,6,29,636),(102,6,29,632),4.28724193573),
((102,35),(102,6,29,636),(102,6,29,632),4.17870783806),
((102,35),(102,5,29,642),(102,5,29,638),4.28304982185),
((97,35),(97,9,29,630),(97,9,29,630),4.28618383408),
((97,35),(97,7,29,610),(97,7,29,608),4.28147912025),
((97,35),(97,8,29,624),(97,8,29,624),4.24511098862),
((97,35),(97,8,29,624),(97,8,29,624),3.73114895821),
((97,35),(97,5,29,624),(97,5,29,624),3.86737394333),
((92,35),(92,9,29,650),(92,9,29,642),4.33211922646),
((92,35),(92,23,29,708),(92,23,29,700),4.24787807465),
((92,35),(92,19,29,796),(92,19,29,760),4.36998987198),
((92,35),(92,16,29,768),(92,16,29,736),4.40227007866),
((92,35),(92,13,29,740),(92,13,29,722),4.43461608887),
((87,35),(87,5,29,708),(87,5,29,708),4.36375308037),
((87,35),(87,13,29,720),(87,13,29,710),4.32122993469),
((87,35),(87,12,29,792),(87,12,29,770),4.33917999268),
((87,35),(87,18,29,774),(87,18,29,758),4.44776916504),
((87,35),(87,16,29,746),(87,16,29,734),4.39662384987),
((82,35),(82,16,29,772),(82,16,29,744),4.48930692673),
((82,35),(82,12,29,764),(82,12,29,734),4.4108839035),
((82,35),(82,10,29,736),(82,10,29,718),4.41938781738),
((82,35),(82,13,29,728),(82,13,29,724),4.39704012871),
((82,35),(82,11,29,792),(82,11,29,734),4.41789197922),
((77,35),(77,18,29,756),(77,18,29,732),4.53662395477),
((77,35),(77,15,29,734),(77,15,29,722),4.63462686539),
((77,35),(77,26,29,748),(77,26,29,734),4.81119203568),
((77,35),(77,21,29,738),(77,21,29,730),5.01714420319),
((77,35),(77,20,29,754),(77,20,29,752),4.68346500397),
((72,35),(72,35,34,832),(72,35,34,810),27.7036528587),
((72,35),(72,22,34,834),(72,22,34,802),20.4334759712),
((72,35),(72,29,34,854),(72,29,34,818),20.2537941933),
((72,35),(72,18,34,768),(72,18,34,732),20.224460125),
((72,35),(72,32,34,828),(72,32,34,804),24.3087718487),
((67,35),(67,21,44,842),(67,21,44,786),55.8623249531),
((67,35),(67,23,39,864),(67,23,39,828),45.2463879585),
((67,35),(67,35,39,902),(67,35,39,872),36.9715731144),
((67,35),(67,29,39,894),(67,29,39,846),37.0885648727),
((67,35),(67,35,39,882),(67,35,39,848),36.6881251335),
((62,35),(62,35,59,1186),(62,35,59,1100),107.329106808),
((177,17),(112,0,29,440),(112,0,29,440),4.07648611069),
((177,17),(112,0,29,440),(112,0,29,440),3.83332109451),
((177,17),(112,0,29,446),(112,0,29,446),4.14405798912),
((177,17),(112,0,29,446),(112,0,29,446),4.15004110336),
((177,17),(112,0,29,440),(112,0,29,440),4.19201087952),
((112,17),(112,0,29,440),(112,0,29,440),4.25529193878),
((112,17),(110,0,29,454),(110,0,29,454),4.18863391876),
((112,17),(112,0,29,446),(112,0,29,446),4.05321216583),
((112,17),(112,0,29,442),(112,0,29,442),4.08395004272),
((112,17),(112,0,29,446),(112,0,29,446),4.15637302399),
((107,17),(107,15,29,592),(107,15,29,590),3.83766889572),
((107,17),(104,0,29,466),(104,0,29,466),4.02418112755),
((107,17),(107,10,29,572),(107,10,29,572),4.1498298645),
((107,17),(107,14,29,598),(107,14,29,596),4.0951128006),
((107,17),(107,16,29,616),(107,16,29,616),4.12530994415),
((102,17),(102,7,29,638),(102,7,29,638),3.93521380424),
((102,17),(102,10,29,626),(99,10,29,620),4.06235408783),
((102,17),(102,6,29,622),(102,6,29,622),3.97727108002),
((102,17),(102,7,29,634),(102,7,29,632),4.02415990829),
((102,17),(102,9,29,638),(101,9,29,634),4.00400400162),
((97,17),(97,8,29,620),(97,8,29,620),3.95860385895),
((97,17),(97,7,29,614),(97,7,29,614),4.06282401085),
((97,17),(97,6,29,608),(97,6,29,608),3.94726800919),
((97,17),(97,8,29,620),(97,8,29,620),4.03436994553),
((97,17),(97,6,29,612),(97,6,29,612),4.01670503616),
((92,17),(92,15,29,796),(92,15,29,762),4.10236620903),
((92,17),(92,16,29,762),(92,16,29,716),4.32277202606),
((92,17),(92,13,29,722),(92,13,29,722),3.93965506554),
((92,17),(92,17,29,738),(92,17,29,716),3.96662998199),
((92,17),(92,12,29,718),(92,12,29,718),3.9549407959),
((87,17),(87,5,29,664),(87,5,29,654),3.90183401108),
((87,17),(87,17,29,790),(87,17,29,770),3.92900395393),
((87,17),(87,13,29,804),(87,13,29,786),3.9137840271),
((87,17),(87,13,29,766),(87,13,29,728),3.90830087662),
((87,17),(87,17,29,780),(87,17,29,768),3.89117193222),
((82,17),(82,17,29,788),(82,17,29,772),3.95754504204),
((82,17),(82,17,29,790),(82,17,29,764),4.15591812134),
((82,17),(82,13,29,780),(82,13,29,758),3.94539093971),
((82,17),(82,17,29,790),(82,17,29,778),3.95967006683),
((82,17),(82,11,29,764),(82,11,29,752),4.01398277283),
((77,17),(77,17,29,750),(77,17,29,742),4.30384421349),
((77,17),(77,17,29,778),(77,17,29,772),4.38277792931),
((77,17),(77,11,29,724),(77,11,29,710),4.12744998932),
((77,17),(77,12,29,742),(77,12,29,734),4.10750508308),
((77,17),(77,17,29,766),(77,17,29,762),4.00657200813),
((72,17),(72,17,34,840),(72,17,34,790),34.0210359097),
((72,17),(72,17,39,952),(72,17,39,906),35.3772480488),
((72,17),(72,17,39,880),(72,17,39,818),35.6768610477),
((72,17),(72,15,34,840),(72,15,34,794),29.2392890453),
((72,17),(72,12,34,784),(72,12,34,748),25.752737999),
((67,17),(67,17,59,1324),(67,17,59,1232),105.111041069),
((67,17),(67,17,39,844),(67,17,39,802),43.9873199463),
((67,17),(67,17,39,888),(67,17,39,846),38.6217579842),
((67,17),(67,17,49,946),(67,17,49,904),76.7303040028),
((62,17),(62,17,39,820),(62,17,39,800),48.5782849789),
((62,17),(62,17,54,1026),(62,17,54,944),85.999505043),
((62,17),(62,17,59,982),(62,17,59,864),105.292593956),
((177,8),(112,0,29,440),(112,0,29,440),4.00728297234),
((177,8),(112,0,29,440),(112,0,29,440),3.84847283363),
((177,8),(112,0,29,446),(112,0,29,446),3.92264318466),
((177,8),(112,0,29,446),(112,0,29,446),3.75286507607),
((177,8),(112,0,29,440),(112,0,29,440),3.71522402763),
((112,8),(112,0,29,440),(112,0,29,440),3.78861999512),
((112,8),(110,0,29,454),(110,0,29,454),3.89261412621),
((112,8),(112,0,29,446),(112,0,29,446),3.95689201355),
((112,8),(112,0,29,442),(112,0,29,442),3.80462098122),
((112,8),(112,0,29,446),(112,0,29,446),3.98903393745),
((107,8),(107,8,29,568),(107,8,29,566),4.24890708923),
((107,8),(104,0,29,466),(104,0,29,466),4.14837312698),
((107,8),(107,8,29,568),(107,8,29,566),3.86178803444),
((107,8),(107,8,29,568),(107,8,29,566),3.83862996101),
((107,8),(107,8,29,570),(107,8,29,570),3.96336889267),
((102,8),(102,7,29,638),(102,7,29,638),4.22395896912),
((102,8),(102,8,29,626),(99,8,29,620),3.8461689949),
((102,8),(102,6,29,622),(102,6,29,622),4.19224286079),
((102,8),(102,7,29,634),(102,7,29,632),4.28038311005),
((102,8),(102,8,29,628),(101,8,29,624),4.25590801239),
((97,8),(97,8,29,620),(97,8,29,620),4.14685702324),
((97,8),(97,7,29,614),(97,7,29,614),3.83717417717),
((97,8),(97,6,29,608),(97,6,29,608),3.81570792198),
((97,8),(97,8,29,620),(97,8,29,620),3.85508084297),
((97,8),(97,6,29,612),(97,6,29,612),4.03512692451),
((92,8),(92,8,29,788),(92,8,29,750),4.30846619606),
((92,8),(92,8,29,728),(92,8,29,728),3.8734190464),
((92,8),(92,8,29,700),(92,8,29,700),3.91751122475),
((92,8),(92,8,29,720),(92,8,29,720),3.93546915054),
((92,8),(92,7,29,708),(92,7,29,708),3.95041203499),
((87,8),(87,8,29,658),(87,8,29,650),4.00676989555),
((87,8),(87,8,29,756),(87,8,29,740),3.92672109604),
((87,8),(87,8,29,736),(87,8,29,708),3.91892910004),
((87,8),(87,8,29,758),(87,8,29,700),3.92786598206),
((87,8),(87,8,29,782),(87,8,29,762),3.87003898621),
((82,8),(82,8,29,748),(82,8,29,728),4.32823610306),
((82,8),(82,8,29,742),(82,8,29,716),4.12796497345),
((82,8),(82,8,29,746),(82,8,29,726),4.38953995705),
((82,8),(82,8,29,762),(82,8,29,728),4.55103302002),
((82,8),(82,8,29,750),(82,8,29,738),4.41306996346),
((77,8),(77,8,29,744),(77,8,29,726),5.14154195786),
((77,8),(77,8,29,738),(77,8,29,722),4.19909214973),
((77,8),(77,8,29,736),(77,8,29,730),3.96049499512),
((77,8),(77,8,29,730),(77,8,29,718),4.44140505791),
((77,8),(77,8,29,744),(77,8,29,734),5.43558192253),
((72,8),(72,8,34,740),(72,8,34,706),27.911041975),
((72,8),(72,8,44,806),(72,8,44,752),65.4885659218),
((72,8),(72,8,39,922),(72,8,39,858),42.3240029812),
((72,8),(72,8,54,1110),(72,8,54,950),89.0195908546),
((72,8),(72,8,49,1122),(72,8,49,980),66.1848189831),
((67,8),(67,8,39,776),(67,8,39,724),43.5284228325),
((67,8),(67,8,54,960),(67,8,54,846),83.4181830883),
((62,8),(62,8,64,1298),(62,8,64,1198),117.742054939),
((177,0),(112,0,29,440),(112,0,29,440),4.07598996162),
((177,0),(112,0,29,440),(112,0,29,440),4.11496305466),
((177,0),(109,0,29,464),(109,0,29,464),3.78995418549),
((177,0),(112,0,29,440),(112,0,29,440),3.6502699852),
((177,0),(112,0,29,440),(112,0,29,440),4.01765394211),
((109,0),(105,0,29,532),(105,0,29,532),3.74892115593),
((109,0),(105,0,29,536),(105,0,29,536),4.04237890244),
((109,0),(109,0,29,522),(109,0,29,522),3.70539999008),
((109,0),(105,0,29,536),(105,0,29,536),4.01702713966),
((109,0),(105,0,29,536),(105,0,29,536),4.18430304527),
((104,0),(104,0,29,548),(104,0,29,548),4.16922092438),
((104,0),(104,0,29,552),(104,0,29,552),4.1538040638),
((104,0),(104,0,29,546),(104,0,29,546),4.20956707001),
((104,0),(104,0,29,552),(104,0,29,552),4.2357878685),
((104,0),(104,0,29,552),(104,0,29,552),4.18719506264),
((99,0),(92,0,29,664),(92,0,29,664),4.23087692261),
((99,0),(97,0,29,676),(97,0,29,676),4.23680400848),
((99,0),(99,0,29,676),(99,0,29,676),4.15193796158),
((99,0),(92,0,29,678),(92,0,29,678),4.25617408752),
((99,0),(98,0,29,684),(98,0,29,684),3.97042608261),
((94,0),(89,0,29,714),(89,0,29,688),3.91303896904),
((94,0),(92,0,29,720),(92,0,29,690),3.85305309296),
((94,0),(92,0,29,728),(89,0,29,690),3.81927418709),
((94,0),(94,0,29,724),(94,0,29,700),4.02295804024),
((94,0),(91,0,29,756),(91,0,29,718),3.83676481247),
((89,0),(89,0,29,618),(89,0,29,604),3.87649178505),
((89,0),(89,0,29,702),(89,0,29,666),3.95899987221),
((89,0),(87,0,29,678),(87,0,29,678),3.84748387337),
((89,0),(88,0,29,722),(88,0,29,674),3.87205004692),
((89,0),(88,0,29,720),(88,0,29,674),3.8513610363),
((84,0),(84,0,29,706),(84,0,29,692),3.94060492516),
((84,0),(84,0,29,616),(84,0,29,606),4.33723306656),
((84,0),(84,0,29,616),(84,0,29,604),4.30324697495),
((84,0),(84,0,29,616),(84,0,29,606),4.31969499588),
((84,0),(84,0,29,736),(84,0,29,702),4.4405901432),
((79,0),(79,0,29,686),(79,0,29,676),4.56818699837),
((79,0),(79,0,29,664),(79,0,29,658),3.97016119957),
((79,0),(79,0,29,666),(79,0,29,650),3.87010908127),
((79,0),(79,0,29,660),(79,0,29,650),4.11500501633),
((79,0),(79,0,29,668),(79,0,29,646),4.14500308037),
((74,0),(74,0,39,804),(74,0,39,712),37.2792129517),
((74,0),(74,0,39,808),(74,0,39,720),37.0688569546),
((74,0),(74,0,39,818),(74,0,39,756),35.6826841831),
((74,0),(74,0,34,716),(74,0,34,676),20.6523039341),
((74,0),(74,0,34,766),(74,0,34,698),30.8270409107),
((69,0),(69,0,39,748),(69,0,39,684),39.6706471443),
((69,0),(69,0,34,722),(69,0,34,688),21.0393159389),
((69,0),(69,0,49,870),(69,0,49,782),78.2715342045),
((69,0),(69,0,54,886),(69,0,54,764),88.6255569458),
