((7,inf),(6,0,5,12),(6,0,5,12),0.544640779495),
((7,inf),(6,0,5,12),(6,0,5,12),0.0605499744415),
((7,inf),(6,0,5,12),(6,0,5,12),0.0633521080017),
((7,inf),(6,0,5,12),(6,0,5,12),0.0600960254669),
((7,inf),(6,0,5,12),(6,0,5,12),0.0622160434723),
((6,inf),(6,0,5,12),(6,0,5,12),0.060889005661),
((6,inf),(6,0,5,12),(6,0,5,12),0.0618948936462),
((6,inf),(6,0,5,12),(6,0,5,12),0.0639159679413),
((6,inf),(6,0,5,12),(6,0,5,12),0.06489610672),
((6,inf),(6,0,5,12),(6,0,5,12),0.0655579566956),
((1,inf),(0,0,0,0),(0,0,0,0),1.14626407623),
((1,inf),(0,0,0,0),(0,0,0,0),1.13217306137),
((1,inf),(0,0,0,0),(0,0,0,0),1.15001988411),
((1,inf),(0,0,0,0),(0,0,0,0),1.13194489479),
((1,inf),(0,0,0,0),(0,0,0,0),1.12939500809),
((7,1),(6,0,5,12),(6,0,5,12),0.065633058548),
((7,1),(6,0,5,12),(6,0,5,12),0.0648100376129),
((7,1),(6,0,5,12),(6,0,5,12),0.065701007843),
((7,1),(6,0,5,12),(6,0,5,12),0.0646028518677),
((7,1),(6,0,5,12),(6,0,5,12),0.0666348934174),
((6,1),(6,0,5,12),(6,0,5,12),0.0663039684296),
((6,1),(6,0,5,12),(6,0,5,12),0.0653688907623),
((6,1),(6,0,5,12),(6,0,5,12),0.0654888153076),
((6,1),(6,0,5,12),(6,0,5,12),0.0660040378571),
((6,1),(6,0,5,12),(6,0,5,12),0.065502166748),
((1,1),(0,0,0,0),(0,0,0,0),1.15569496155),
((1,1),(0,0,0,0),(0,0,0,0),1.14693593979),
((1,1),(0,0,0,0),(0,0,0,0),1.15160107613),
((1,1),(0,0,0,0),(0,0,0,0),1.1728811264),
((1,1),(0,0,0,0),(0,0,0,0),1.16231203079),
((7,0),(6,0,5,12),(6,0,5,12),0.063628911972),
((7,0),(6,0,5,12),(6,0,5,12),0.0647420883179),
((7,0),(6,0,5,12),(6,0,5,12),0.0653629302979),
((7,0),(6,0,5,12),(6,0,5,12),0.0653948783875),
((7,0),(6,0,5,12),(6,0,5,12),0.0652389526367),
((6,0),(6,0,5,12),(6,0,5,12),0.0654368400574),
((6,0),(6,0,5,12),(6,0,5,12),0.0655028820038),
((6,0),(6,0,5,12),(6,0,5,12),0.0658860206604),
((6,0),(6,0,5,12),(6,0,5,12),0.0642020702362),
((6,0),(6,0,5,12),(6,0,5,12),0.0659170150757),
((1,0),(0,0,0,0),(0,0,0,0),1.13234806061),
((1,0),(0,0,0,0),(0,0,0,0),1.1233291626),
((1,0),(0,0,0,0),(0,0,0,0),1.14165306091),
((1,0),(0,0,0,0),(0,0,0,0),1.13781690598),
((1,0),(0,0,0,0),(0,0,0,0),1.11781287193),
((7,0),(6,0,5,12),(6,0,5,12),0.0615620613098),
((7,0),(6,0,5,12),(6,0,5,12),0.0620341300964),
((7,0),(6,0,5,12),(6,0,5,12),0.0619559288025),
((7,0),(6,0,5,12),(6,0,5,12),0.0603830814362),
((7,0),(6,0,5,12),(6,0,5,12),0.0612089633942),
((6,0),(6,0,5,12),(6,0,5,12),0.0611340999603),
((6,0),(6,0,5,12),(6,0,5,12),0.0623738765717),
((6,0),(6,0,5,12),(6,0,5,12),0.0641229152679),
((6,0),(6,0,5,12),(6,0,5,12),0.0644850730896),
((6,0),(6,0,5,12),(6,0,5,12),0.0655360221863),
((1,0),(0,0,0,0),(0,0,0,0),1.07568883896),
((1,0),(0,0,0,0),(0,0,0,0),1.14678001404),
((1,0),(0,0,0,0),(0,0,0,0),1.10380291939),
((1,0),(0,0,0,0),(0,0,0,0),1.10411190987),
((1,0),(0,0,0,0),(0,0,0,0),0.887801170349),
((7,0),(6,0,5,12),(6,0,5,12),0.0618991851807),
((7,0),(6,0,5,12),(6,0,5,12),0.0648839473724),
((7,0),(6,0,5,12),(6,0,5,12),0.0611960887909),
((7,0),(6,0,5,12),(6,0,5,12),0.0658459663391),
((7,0),(6,0,5,12),(6,0,5,12),0.0665249824524),
((6,0),(6,0,5,12),(6,0,5,12),0.0665400028229),
((6,0),(6,0,5,12),(6,0,5,12),0.0655241012573),
((6,0),(6,0,5,12),(6,0,5,12),0.0629789829254),
((6,0),(6,0,5,12),(6,0,5,12),0.0605928897858),
((6,0),(6,0,5,12),(6,0,5,12),0.0608601570129),
((1,0),(0,0,0,0),(0,0,0,0),1.13344693184),
((1,0),(0,0,0,0),(0,0,0,0),1.61163806915),
((1,0),(0,0,0,0),(0,0,0,0),1.04827904701),
((1,0),(0,0,0,0),(0,0,0,0),1.05925297737),
((1,0),(0,0,0,0),(0,0,0,0),1.15812301636),
