((193,inf),(93,0,45,577),(93,0,45,577),6.48626208305),
((193,inf),(91,0,45,593),(91,0,45,593),6.49147415161),
((193,inf),(93,0,45,595),(93,0,45,595),6.46785187721),
((193,inf),(94,0,45,579),(94,0,45,579),6.49347901344),
((193,inf),(93,0,45,587),(93,0,45,587),6.23169517517),
((91,inf),(91,0,45,617),(91,0,45,617),6.52204608917),
((91,inf),(91,14,45,739),(91,14,45,731),6.41342306137),
((91,inf),(91,5,45,683),(91,5,45,683),5.9952609539),
((91,inf),(91,5,45,689),(91,5,45,689),5.95849704742),
((91,inf),(91,3,45,665),(91,3,45,665),6.31893587112),
((86,inf),(86,3,45,691),(86,3,45,691),6.6620349884),
((86,inf),(86,8,45,743),(86,8,45,743),6.71747398376),
((86,inf),(86,3,45,735),(86,3,45,735),6.70110106468),
((86,inf),(86,6,45,759),(86,6,45,757),6.68847990036),
((86,inf),(86,15,45,1021),(86,15,45,983),6.72544980049),
((81,inf),(81,40,45,1141),(81,40,45,1111),7.16655182838),
((81,inf),(81,45,45,1187),(81,45,45,1167),7.20094299316),
((81,inf),(81,50,45,1199),(81,50,45,1137),7.44656395912),
((81,inf),(81,36,45,1201),(81,36,45,1181),7.12537503242),
((81,inf),(81,36,45,1091),(81,36,45,1043),7.36124110222),
((76,inf),(76,30,45,1019),(76,30,45,987),6.53431200981),
((76,inf),(76,25,45,1051),(76,25,45,1027),6.27093696594),
((76,inf),(76,27,45,1069),(76,27,45,1045),6.26443219185),
((76,inf),(76,59,45,1207),(76,59,45,1139),6.53221607208),
((76,inf),(76,30,45,1125),(76,30,45,1071),6.56656813622),
((71,inf),(71,27,45,949),(71,27,45,935),6.71613121033),
((71,inf),(71,45,45,1095),(71,45,45,1067),6.82745289803),
((71,inf),(71,22,45,943),(71,22,45,917),6.69174098969),
((71,inf),(71,21,45,961),(71,21,45,945),6.66746497154),
((71,inf),(71,17,45,875),(71,17,45,863),6.70128893852),
((66,inf),(66,62,45,1159),(66,62,45,1135),7.29668402672),
((66,inf),(66,32,45,977),(66,32,45,939),6.54270482063),
((66,inf),(66,43,45,1007),(66,43,45,987),7.14908504486),
((66,inf),(66,48,45,1075),(66,48,45,1039),6.98799085617),
((66,inf),(66,46,45,1059),(66,46,45,1025),6.97703099251),
((61,inf),(61,51,65,1381),(61,51,65,1325),72.307831049),
((61,inf),(61,56,60,1247),(61,56,60,1173),58.4191491604),
((61,inf),(61,45,50,1079),(61,45,50,1039),29.6497888565),
((61,inf),(61,49,55,1209),(61,49,55,1151),47.5162498951),
((61,inf),(61,43,55,1197),(61,43,55,1155),42.1296300888),
((56,inf),(56,61,70,1405),(56,61,70,1335),90.4747610092),
((193,38),(93,0,45,579),(93,0,45,579),6.4683508873),
((193,38),(92,0,45,577),(92,0,45,577),6.4522960186),
((193,38),(93,0,45,581),(93,0,45,581),6.51600980759),
((193,38),(93,0,45,575),(93,0,45,575),6.53203296661),
((193,38),(93,0,45,579),(93,0,45,579),6.5827589035),
((92,38),(92,6,45,669),(92,6,45,665),6.75001001358),
((92,38),(92,4,45,669),(92,4,45,669),6.69461512566),
((92,38),(92,2,45,665),(92,2,45,663),6.66168284416),
((92,38),(92,2,45,671),(92,2,45,669),6.7507250309),
((92,38),(92,6,45,711),(92,6,45,711),6.44661402702),
((87,38),(87,5,45,697),(87,5,45,695),6.53310918808),
((87,38),(87,9,45,741),(87,9,45,739),6.60954594612),
((87,38),(87,11,45,749),(87,11,45,747),6.73104000092),
((87,38),(87,10,45,759),(87,10,45,757),6.71127605438),
((87,38),(87,9,45,757),(87,9,45,757),6.65438699722),
((82,38),(82,38,45,1145),(82,38,45,1115),6.47875213623),
((82,38),(82,31,45,1121),(82,31,45,1071),6.63803195953),
((82,38),(82,21,45,947),(82,21,45,909),6.80118393898),
((82,38),(82,38,45,1095),(82,38,45,1031),6.68164396286),
((82,38),(82,34,45,1221),(82,34,45,1193),6.56771492958),
((77,38),(77,38,45,1101),(77,38,45,1065),6.78446793556),
((77,38),(77,37,45,1171),(77,37,45,1135),6.75001096725),
((77,38),(77,37,45,1227),(77,37,45,1183),6.80133390427),
((77,38),(77,38,45,1195),(77,38,45,1163),6.71725702286),
((77,38),(77,38,45,1157),(77,38,45,1113),6.63043689728),
((72,38),(72,38,45,1095),(72,38,45,1071),6.58428692818),
((72,38),(72,38,45,1187),(72,38,45,1155),7.10052418709),
((72,38),(72,38,45,1203),(72,38,45,1145),7.32989287376),
((72,38),(72,38,45,1205),(72,38,45,1143),7.20142698288),
((72,38),(72,29,45,1109),(72,29,45,1083),3.80081009865),
((67,38),(67,38,45,1063),(67,38,45,1047),3.46684288979),
((67,38),(67,38,45,1005),(67,38,45,981),3.15443587303),
((67,38),(67,38,45,1101),(67,38,45,1079),6.07643198967),
((67,38),(67,38,45,1087),(67,38,45,1035),7.55981898308),
((67,38),(67,38,45,1055),(67,38,45,1031),7.17506504059),
((62,38),(62,38,50,1161),(62,38,50,1103),34.3678619862),
((62,38),(62,38,45,973),(62,38,45,945),12.3911719322),
((62,38),(62,38,55,1311),(62,38,55,1243),42.280189991),
((62,38),(62,38,75,1581),(62,38,75,1495),107.761407852),
((62,38),(62,38,50,1125),(62,38,50,1077),29.1043601036),
((193,19),(95,0,45,573),(95,0,45,573),6.58916282654),
((193,19),(93,0,45,573),(93,0,45,573),6.52925109863),
((193,19),(92,0,45,585),(92,0,45,585),6.53446507454),
((193,19),(93,0,45,581),(93,0,45,581),6.51409196854),
((193,19),(93,0,45,575),(93,0,45,575),6.53275203705),
((92,19),(92,10,45,679),(92,10,45,679),6.67640089989),
((92,19),(92,4,45,655),(92,4,45,655),6.75587892532),
((92,19),(92,2,45,639),(92,2,45,639),6.8054599762),
((92,19),(92,5,45,657),(92,5,45,657),6.5174498558),
((92,19),(92,19,45,1167),(92,19,45,1127),6.91165304184),
((87,19),(87,5,45,745),(87,5,45,743),6.7632651329),
((87,19),(87,8,45,763),(87,8,45,757),6.85662889481),
((87,19),(87,8,45,755),(87,8,45,755),6.74790906906),
((87,19),(87,19,45,1213),(87,19,45,1183),6.37871003151),
((87,19),(87,12,45,773),(87,12,45,765),6.09881210327),
((82,19),(82,19,45,1195),(82,19,45,1145),6.33563303947),
((82,19),(82,19,45,1207),(82,19,45,1127),7.09862780571),
((82,19),(82,19,45,1135),(82,19,45,1073),6.96328186989),
((82,19),(82,5,45,753),(82,5,45,749),6.76628398895),
((82,19),(82,19,45,1119),(82,19,45,1063),6.95775985718),
((77,19),(77,19,45,1167),(77,19,45,1123),7.10839009285),
((77,19),(77,19,45,1169),(77,19,45,1129),7.27082395554),
((77,19),(77,19,45,999),(77,19,45,969),7.09838414192),
((77,19),(77,19,45,1155),(77,19,45,1103),6.82004904747),
((77,19),(77,19,45,1097),(77,19,45,1027),7.11823582649),
((72,19),(72,19,45,1077),(72,19,45,1013),7.91250395775),
((72,19),(72,19,45,975),(72,19,45,951),7.09471702576),
((72,19),(72,19,45,1135),(72,19,45,1099),7.39382100105),
((72,19),(72,19,45,1055),(72,19,45,1021),8.18092012405),
((72,19),(72,19,45,1087),(72,19,45,1047),7.61052894592),
((67,19),(67,19,45,1069),(67,19,45,1027),9.18056416512),
((67,19),(67,19,45,993),(67,19,45,947),17.1411859989),
((67,19),(67,19,45,985),(67,19,45,941),14.8155119419),
((67,19),(67,19,45,1047),(67,19,45,993),12.9114561081),
((67,19),(67,19,45,999),(67,19,45,949),12.8530781269),
((62,19),(62,19,50,1079),(62,19,50,1019),30.8956949711),
((193,9),(95,0,45,573),(95,0,45,573),6.50914120674),
((193,9),(93,0,45,573),(93,0,45,573),6.32969307899),
((193,9),(92,0,45,585),(92,0,45,585),6.06870889664),
((193,9),(93,0,45,581),(93,0,45,581),6.18655395508),
((193,9),(93,0,45,575),(93,0,45,575),6.27125191689),
((92,9),(92,9,45,681),(92,9,45,681),6.44135689735),
((92,9),(92,4,45,655),(92,4,45,655),6.14517307281),
((92,9),(92,2,45,639),(92,2,45,639),6.32534408569),
((92,9),(92,5,45,657),(92,5,45,657),5.99890208244),
((92,9),(92,9,45,1173),(92,9,45,1129),6.23131299019),
((87,9),(87,5,45,745),(87,5,45,743),6.07561993599),
((87,9),(87,8,45,763),(87,8,45,757),6.11682105064),
((87,9),(87,8,45,755),(87,8,45,755),6.05473589897),
((87,9),(87,9,45,1113),(87,9,45,1081),6.13713479042),
((87,9),(87,9,45,775),(87,9,45,769),6.7254140377),
((82,9),(82,9,45,1127),(82,9,45,1077),7.02306008339),
((82,9),(82,9,45,1129),(82,9,45,1065),7.03050494194),
((82,9),(82,9,45,1125),(82,9,45,1093),6.49659895897),
((82,9),(82,5,45,753),(82,5,45,749),6.10014390945),
((82,9),(82,9,45,1135),(82,9,45,1063),6.31006789207),
((77,9),(77,9,45,1051),(77,9,45,991),6.9597389698),
((77,9),(77,9,45,1069),(77,9,45,1007),7.44575619698),
((77,9),(77,9,45,1081),(77,9,45,993),7.30507898331),
((77,9),(77,9,45,1027),(77,9,45,1005),6.55697202682),
((77,9),(77,9,45,915),(77,9,45,889),6.42784881592),
((72,9),(72,9,45,1029),(72,9,45,973),11.6578850746),
((72,9),(72,9,45,927),(72,9,45,893),12.1960399151),
((72,9),(72,9,45,1007),(72,9,45,933),9.44535708427),
((72,9),(72,9,45,939),(72,9,45,901),6.38482880592),
((72,9),(72,9,45,1003),(72,9,45,959),8.11122488976),
((67,9),(67,9,75,1653),(67,9,75,1519),105.625128031),
((193,0),(93,0,45,577),(93,0,45,577),6.41133213043),
((193,0),(91,0,45,593),(91,0,45,593),6.05767011642),
((193,0),(93,0,45,587),(93,0,45,587),6.43726992607),
((193,0),(94,0,45,579),(94,0,45,579),6.40124392509),
((193,0),(93,0,45,581),(93,0,45,581),6.23649311066),
((91,0),(91,0,45,657),(91,0,45,657),6.55107092857),
((91,0),(91,0,45,665),(91,0,45,665),6.57913684845),
((91,0),(91,0,45,661),(91,0,45,661),6.5557320118),
((91,0),(91,0,45,663),(91,0,45,663),6.6068520546),
((91,0),(91,0,45,641),(91,0,45,641),6.59185409546),
((86,0),(86,0,45,715),(86,0,45,715),6.60669398308),
((86,0),(86,0,45,703),(86,0,45,701),6.68313694),
((86,0),(86,0,45,749),(86,0,45,743),6.59114718437),
((86,0),(86,0,45,743),(86,0,45,739),6.04794621468),
((86,0),(86,0,45,735),(86,0,45,729),5.95358109474),
((81,0),(81,0,45,991),(81,0,45,937),6.34775900841),
((81,0),(81,0,45,981),(81,0,45,935),6.72830295563),
((81,0),(81,0,45,1005),(81,0,45,965),6.73445010185),
((81,0),(81,0,45,1009),(81,0,45,973),6.85280418396),
((81,0),(81,0,45,987),(81,0,45,891),6.42604088783),
((76,0),(76,0,45,1037),(76,0,45,959),6.91039395332),
((76,0),(76,0,45,1031),(76,0,45,981),6.95887589455),
((76,0),(76,0,45,987),(76,0,45,901),7.31249189377),
((76,0),(76,0,45,935),(76,0,45,895),7.0067460537),
((76,0),(76,0,45,921),(75,0,45,881),6.90039896965),
((71,0),(71,0,45,939),(71,0,45,889),7.19770812988),
((71,0),(71,0,45,947),(71,0,45,881),7.94237589836),
((71,0),(71,0,45,917),(71,0,45,863),6.71481800079),
((71,0),(71,0,45,945),(71,0,45,887),6.55664610863),
((71,0),(71,0,45,921),(71,0,45,883),7.68064713478),
((66,0),(66,0,65,1075),(66,0,65,945),81.2027971745),
((66,0),(66,0,50,977),(66,0,50,935),27.9070551395),
