((401,inf),(159,0,30,1156),(159,0,30,1156),9.54928398132),
((401,inf),(164,0,30,1136),(164,0,30,1136),9.64937496185),
((401,inf),(165,1,30,1174),(165,1,30,1174),9.46856403351),
((401,inf),(160,0,30,1132),(160,0,30,1132),9.52271795273),
((401,inf),(160,0,30,1120),(160,0,30,1120),9.61331582069),
((159,inf),(159,0,30,1136),(159,0,30,1136),9.90364003181),
((159,inf),(159,11,30,1270),(159,11,30,1236),10.1768209934),
((159,inf),(159,0,30,1172),(159,0,30,1172),9.96790099144),
((159,inf),(159,0,30,1154),(159,0,30,1154),9.90052604675),
((159,inf),(159,0,30,1136),(159,0,30,1136),9.95050597191),
((154,inf),(154,110,30,2362),(154,110,30,2170),12.4101941586),
((154,inf),(154,102,30,2476),(153,102,30,2244),14.1109540462),
((154,inf),(154,10,30,1258),(154,10,30,1254),9.85851502419),
((154,inf),(154,14,30,1392),(154,14,30,1348),10.264261961),
((154,inf),(154,16,30,1320),(154,16,30,1314),9.66609096527),
((149,inf),(149,74,30,2206),(149,74,30,2020),14.2556898594),
((149,inf),(149,91,30,2360),(149,91,30,2174),13.6670560837),
((149,inf),(149,68,30,2226),(149,68,30,2012),19.3971700668),
((149,inf),(149,21,30,1330),(149,21,30,1310),9.28075790405),
((149,inf),(149,94,30,2440),(149,94,30,2194),11.2910170555),
((144,inf),(144,92,30,2332),(144,92,30,2200),8.35754299164),
((144,inf),(144,76,30,2236),(144,76,30,1992),17.3397109509),
((144,inf),(144,30,30,1376),(144,30,30,1334),10.591627121),
((144,inf),(144,48,30,1866),(144,48,30,1650),16.1415178776),
((144,inf),(144,85,30,2192),(144,85,30,2078),11.6007959843),
((139,inf),(139,99,30,2330),(139,99,30,2140),15.4881601334),
((139,inf),(139,79,30,2082),(139,79,30,1930),19.6018550396),
((139,inf),(139,79,30,1986),(139,79,30,1808),12.8958530426),
((139,inf),(139,78,35,2302),(139,78,35,2136),30.3512270451),
((139,inf),(139,59,30,1892),(139,59,30,1706),20.4250750542),
((134,inf),(134,57,30,1812),(134,57,30,1706),12.7461240292),
((134,inf),(134,51,30,1850),(134,51,30,1648),14.9037690163),
((134,inf),(134,106,35,2632),(134,106,35,2458),38.7440500259),
((134,inf),(134,69,30,1836),(134,69,30,1696),15.2589831352),
((134,inf),(134,90,40,2590),(134,90,40,2342),53.1203818321),
((129,inf),(129,91,35,2278),(129,91,35,2126),29.7880239487),
((129,inf),(129,102,45,3012),(129,102,45,2726),61.9152419567),
((129,inf),(129,111,45,3296),(129,111,45,2994),70.5629410744),
((129,inf),(129,76,30,1940),(129,76,30,1776),14.4255008698),
((129,inf),(129,96,35,2262),(129,96,35,2164),37.8840479851),
((124,inf),(124,99,45,2870),(124,99,45,2572),71.5770170689),
((124,inf),(124,122,50,3710),(124,122,50,3430),82.5875630379),
((124,inf),(124,105,40,2420),(124,105,40,2216),46.1849849224),
((124,inf),(124,137,55,3930),(124,137,55,3386),94.834692955),
((124,inf),(124,85,35,2076),(124,85,35,1912),27.5013389587),
((119,inf),(119,125,60,3656),(119,125,60,3224),106.821286917),
((119,inf),(119,82,45,2668),(119,82,45,2448),67.4658379555),
((119,inf),(119,105,50,3152),(119,105,50,2908),86.8276619911),
((119,inf),(119,89,50,3114),(119,89,50,2770),88.3662497997),
((114,inf),(114,90,45,2610),(114,90,45,2380),58.2570919991),
((114,inf),(114,102,60,3642),(114,102,60,3084),111.357853889),
((109,inf),(109,87,55,2906),(109,87,55,2714),100.405714989),
((109,inf),(109,71,50,2950),(109,71,50,2708),85.7756209373),
((401,80),(163,0,30,1124),(163,0,30,1124),9.69222021103),
((401,80),(169,1,30,1152),(169,1,30,1152),9.71669101715),
((401,80),(165,0,30,1146),(165,0,30,1146),9.79228782654),
((401,80),(163,0,30,1138),(163,0,30,1138),9.56538391113),
((401,80),(159,0,30,1136),(159,0,30,1136),9.61861491203),
((159,80),(159,3,30,1244),(159,3,30,1240),10.3574011326),
((159,80),(159,0,30,1156),(159,0,30,1156),10.0783720016),
((159,80),(156,0,30,1132),(156,0,30,1132),10.0635409355),
((159,80),(159,1,30,1178),(159,1,30,1178),10.0368089676),
((159,80),(159,0,30,1148),(159,0,30,1148),9.30219912529),
((154,80),(154,9,30,1256),(154,9,30,1228),9.45914411545),
((154,80),(154,7,30,1352),(154,7,30,1266),10.2202718258),
((154,80),(154,0,30,1154),(154,0,30,1154),10.0261011124),
((154,80),(154,69,30,2354),(154,69,30,2172),10.2022440434),
((154,80),(154,77,30,2392),(154,77,30,2230),13.4003379345),
((149,80),(149,12,30,1228),(149,12,30,1220),10.24695611),
((149,80),(149,80,35,2732),(149,80,35,2498),28.4072551727),
((149,80),(149,80,30,2294),(149,80,30,2132),18.4651360512),
((149,80),(149,9,30,1224),(149,9,30,1204),9.47782897949),
((149,80),(149,68,30,2264),(149,68,30,2062),18.2552819252),
((144,80),(144,69,30,2156),(144,69,30,1992),14.5362668037),
((144,80),(144,80,35,2452),(144,80,35,2184),35.2943661213),
((144,80),(144,62,30,1998),(144,62,30,1736),15.5190989971),
((144,80),(144,80,30,1994),(144,80,30,1872),13.5769050121),
((144,80),(144,60,30,1962),(144,60,30,1788),15.3965849876),
((139,80),(139,80,45,3364),(139,80,45,3046),61.5195901394),
((139,80),(139,63,30,1938),(139,63,30,1840),12.3335769176),
((139,80),(139,69,30,2202),(139,69,30,1984),24.1699209213),
((139,80),(139,80,30,2098),(139,80,30,1968),15.8837811947),
((139,80),(139,68,35,2436),(139,68,35,2266),31.281940937),
((134,80),(134,68,30,1918),(134,68,30,1780),15.3408799171),
((134,80),(134,65,40,2624),(134,65,40,2232),53.6292998791),
((134,80),(134,80,55,3772),(133,80,55,3276),91.6524958611),
((134,80),(134,71,30,1972),(134,71,30,1830),17.1170079708),
((134,80),(134,75,30,1956),(134,75,30,1858),13.3410589695),
((129,80),(129,80,45,3172),(129,80,45,2766),65.1684360504),
((129,80),(129,80,45,2962),(129,80,45,2546),70.5774979591),
((129,80),(129,69,45,2804),(129,69,45,2504),61.7386751175),
((129,80),(129,45,35,1962),(129,45,35,1730),38.0777380466),
((124,80),(124,80,45,3102),(124,80,45,2780),69.3165128231),
((124,80),(124,80,40,2592),(124,80,40,2288),48.7865629196),
((124,80),(124,80,55,3494),(124,80,55,3160),101.61540103),
((124,80),(124,80,60,4038),(124,80,60,3570),115.668404102),
((124,80),(124,80,50,3422),(124,80,50,3134),77.1917769909),
((119,80),(119,80,55,3266),(119,80,55,3002),103.258468866),
((119,80),(119,72,55,3190),(119,72,55,2716),103.938083172),
((119,80),(119,80,45,2942),(119,80,45,2638),73.3623301983),
((114,80),(114,80,50,2882),(114,80,50,2602),84.9403779507),
((114,80),(114,75,50,2790),(114,75,50,2502),82.8821699619),
((401,40),(163,0,30,1124),(163,0,30,1124),9.95581293106),
((401,40),(169,1,30,1152),(169,1,30,1152),9.55959582329),
((401,40),(165,0,30,1146),(165,0,30,1146),9.60485911369),
((401,40),(163,0,30,1138),(163,0,30,1138),9.65311121941),
((401,40),(159,0,30,1136),(159,0,30,1136),9.74516487122),
((159,40),(159,7,30,1366),(158,7,30,1268),10.6206700802),
((159,40),(159,0,30,1144),(159,0,30,1144),10.3189029694),
((159,40),(156,0,30,1132),(156,0,30,1132),9.62687206268),
((159,40),(159,3,30,1198),(159,3,30,1198),10.3692519665),
((159,40),(159,0,30,1148),(159,0,30,1148),9.92563891411),
((154,40),(154,10,30,1274),(154,10,30,1270),9.73017501831),
((154,40),(154,40,30,2308),(154,40,30,2104),13.5024619102),
((154,40),(154,0,30,1154),(154,0,30,1154),9.51915788651),
((154,40),(154,40,30,2310),(154,40,30,2132),13.4204010963),
((154,40),(154,40,30,2174),(154,40,30,1998),15.8137488365),
((149,40),(149,40,45,3252),(149,40,45,2708),64.5128550529),
((149,40),(149,40,50,3736),(146,40,50,3232),82.3533360958),
((149,40),(149,40,60,4132),(147,40,60,3262),110.278089046),
((149,40),(149,40,30,2164),(149,40,30,1928),23.8891179562),
((149,40),(149,6,30,1220),(148,6,30,1206),10.0194180012),
((144,40),(144,40,45,3072),(144,40,45,2716),62.7231419086),
((144,40),(144,40,35,2550),(144,40,35,2372),34.5060601234),
((144,40),(144,40,55,3802),(144,40,55,3322),97.2882988453),
((144,40),(144,40,35,2328),(144,40,35,2110),39.6521270275),
((139,40),(139,40,50,3556),(139,40,50,3006),89.4797151089),
((139,40),(139,40,55,3722),(139,40,55,3276),102.535984039),
((139,40),(139,40,40,2660),(139,40,40,2388),52.8463220596),
((134,40),(134,40,50,3458),(134,40,50,2990),84.9505441189),
((129,40),(129,40,50,2884),(129,40,50,2402),86.0264091492),
((401,20),(163,0,30,1124),(163,0,30,1124),9.32300615311),
((401,20),(169,1,30,1152),(169,1,30,1152),9.35868000984),
((401,20),(165,0,30,1146),(165,0,30,1146),9.36111307144),
((401,20),(163,0,30,1138),(163,0,30,1138),9.37441110611),
((401,20),(159,0,30,1136),(159,0,30,1136),9.38501906395),
((159,20),(159,7,30,1366),(158,7,30,1268),9.77040410042),
((159,20),(159,0,30,1144),(159,0,30,1144),9.30117487907),
((159,20),(156,0,30,1132),(156,0,30,1132),9.48646903038),
((159,20),(159,3,30,1198),(159,3,30,1198),10.0060050488),
((159,20),(159,0,30,1148),(159,0,30,1148),9.61505007744),
((154,20),(154,10,30,1274),(154,10,30,1270),9.83966302872),
((154,20),(154,20,30,2090),(152,20,30,1814),21.3936440945),
((154,20),(154,0,30,1154),(154,0,30,1154),9.1560921669),
((154,20),(154,20,45,3210),(153,20,45,2766),71.3786330223),
((154,20),(154,20,35,2532),(153,20,35,2210),25.8344650269),
((149,20),(149,20,45,2882),(147,20,45,2372),63.5659790039),
((149,20),(149,20,30,1964),(149,20,30,1754),20.4509391785),
((149,20),(149,20,30,2170),(149,20,30,2068),11.9459290504),
((149,20),(149,6,30,1220),(148,6,30,1206),9.8185210228),
((144,20),(144,20,35,2392),(144,20,35,2174),28.2724978924),
((144,20),(144,20,45,2966),(142,20,45,2396),59.1467659473),
((401,0),(165,0,30,1140),(165,0,30,1140),9.00233197212),
((401,0),(168,0,30,1124),(168,0,30,1124),8.5196890831),
((401,0),(160,0,30,1126),(160,0,30,1126),8.4414498806),
((401,0),(159,0,30,1122),(159,0,30,1122),8.76192593575),
((401,0),(160,0,30,1120),(160,0,30,1120),8.51594185829),
((159,0),(159,0,30,1134),(159,0,30,1134),8.80237102509),
((159,0),(159,0,30,1210),(159,0,30,1188),8.98667001724),
((159,0),(159,0,30,1150),(159,0,30,1150),9.20092105865),
((159,0),(159,0,30,1160),(159,0,30,1160),8.84687995911),
((159,0),(159,0,30,1148),(159,0,30,1148),8.79723095894),
((154,0),(154,0,30,1174),(154,0,30,1172),9.23768806458),
((154,0),(154,0,30,1824),(154,0,30,1620),23.4592549801),
((154,0),(154,0,30,1986),(154,0,30,1846),13.1338839531),
((154,0),(154,0,30,1768),(153,0,30,1594),10.0719778538),
((154,0),(154,0,30,1956),(153,0,30,1710),14.5627400875),
((149,0),(149,0,35,2108),(149,0,35,1882),27.6140751839),
((149,0),(149,0,45,2760),(149,0,45,2312),64.418022871),
((149,0),(149,0,35,2284),(148,0,35,1918),32.5745990276),
((149,0),(149,0,30,1222),(149,0,30,1188),8.97258996964),
((149,0),(149,0,40,2578),(149,0,40,2182),54.3712470531),
((144,0),(144,0,35,2284),(144,0,35,1932),29.617057085),
((144,0),(144,0,30,1882),(144,0,30,1664),11.4787931442),
((144,0),(144,0,40,2444),(144,0,40,2100),49.071778059),
((144,0),(144,0,45,2648),(144,0,45,2204),60.4953711033),
((144,0),(144,0,35,2188),(144,0,35,1914),25.729847908),
((139,0),(139,0,50,2942),(138,0,50,2324),74.2819869518),
((139,0),(139,0,40,2288),(139,0,40,2014),52.4223020077),
((139,0),(139,0,50,2774),(139,0,50,2426),78.2508780956),
((139,0),(139,0,60,3290),(139,0,60,2540),117.791779995),
((139,0),(139,0,30,1824),(139,0,30,1648),14.6390860081),
((134,0),(134,0,50,2956),(134,0,50,2440),75.4477398396),
((134,0),(134,0,40,2178),(134,0,40,1958),45.4547660351),
((129,0),(129,0,60,3324),(129,0,60,2788),119.662139893),
