((806,inf),(352,1,51,2718),(352,1,51,2718),15.4653749466),
((806,inf),(344,0,51,2694),(344,0,51,2694),15.3090760708),
((806,inf),(343,0,51,2692),(343,0,51,2692),15.3113992214),
((806,inf),(352,0,51,2610),(352,0,51,2610),15.4487800598),
((806,inf),(344,1,51,2702),(344,1,51,2702),15.6840009689),
((343,inf),(343,52,51,3434),(343,52,51,3354),16.4020318985),
((343,inf),(343,53,51,3868),(342,53,51,3658),18.2704701424),
((343,inf),(343,55,51,3690),(343,55,51,3576),17.8954558372),
((343,inf),(343,42,51,3286),(343,42,51,3260),16.0394721031),
((343,inf),(340,0,51,2706),(340,0,51,2706),15.7084088326),
((338,inf),(338,374,51,7074),(338,374,51,6570),65.8793799877),
((338,inf),(338,314,51,7322),(338,314,51,6820),62.9890191555),
((338,inf),(338,378,51,7224),(338,378,51,6860),64.2423920631),
((338,inf),(338,312,51,7158),(338,312,51,6662),73.3504300117),
((338,inf),(338,368,61,9038),(337,368,61,8250),194.605525017),
((333,inf),(333,337,51,7726),(332,337,51,7274),71.571449995),
((333,inf),(333,372,71,8940),(333,372,71,8086),285.289751053),
((333,inf),(333,339,56,7248),(332,339,56,6870),78.3742969036),
((333,inf),(333,324,51,7712),(331,324,51,7240),68.8140439987),
((328,inf),(328,327,51,6660),(327,327,51,6290),35.3694660664),
((328,inf),(328,307,51,6718),(327,307,51,6296),64.0584130287),
((323,inf),(323,457,86,11894),(323,457,86,11024),461.265322208),
((323,inf),(323,383,61,8642),(323,383,61,7956),172.797292948),
((318,inf),(318,293,51,6568),(317,293,51,6290),51.9789261818),
((318,inf),(318,282,51,6540),(318,282,51,6240),48.9980609417),
((318,inf),(318,352,71,10012),(318,352,71,9264),265.002087116),
((313,inf),(313,400,81,10174),(313,400,81,9426),438.786750078),
((806,161),(344,0,51,2658),(344,0,51,2658),16.2877790928),
((806,161),(344,0,51,2704),(344,0,51,2704),16.4668090343),
((806,161),(344,0,51,2646),(344,0,51,2646),16.357011795),
((806,161),(344,0,51,2716),(344,0,51,2716),16.3840758801),
((806,161),(340,0,51,2706),(340,0,51,2706),16.3899919987),
((340,161),(337,0,51,2708),(337,0,51,2708),16.4447889328),
((340,161),(340,0,51,2672),(340,0,51,2672),16.3595459461),
((806,80),(352,1,51,2712),(352,1,51,2712),16.3804051876),
((806,80),(344,0,51,2724),(344,0,51,2724),16.4429121017),
((806,80),(344,0,51,2670),(344,0,51,2670),16.3415539265),
((806,80),(344,0,51,2652),(344,0,51,2652),16.4112789631),
((806,80),(352,1,51,2698),(352,1,51,2698),16.3953440189),
((344,80),(344,0,51,2650),(344,0,51,2650),16.7411048412),
((344,80),(344,0,51,2670),(344,0,51,2670),16.3997139931),
((344,80),(344,0,51,2658),(344,0,51,2658),16.5691230297),
((344,80),(344,0,51,2688),(344,0,51,2688),16.5295181274),
((344,80),(344,26,51,3368),(344,26,51,3354),17.642209053),
((806,40),(344,1,51,2684),(344,1,51,2684),16.2389280796),
((806,40),(352,0,51,2716),(352,0,51,2716),16.4550070763),
((806,40),(344,0,51,2692),(344,0,51,2692),16.2140011787),
((806,40),(344,0,51,2668),(344,0,51,2668),16.3802380562),
((806,40),(344,2,51,2688),(344,2,51,2678),16.5612699986),
((344,40),(343,0,51,2680),(343,0,51,2680),16.4602658749),
((344,40),(344,1,51,2712),(344,1,51,2712),16.4994199276),
((344,40),(344,1,51,2696),(344,1,51,2696),16.6512489319),
((344,40),(344,32,51,3298),(344,32,51,3254),17.4004321098),
((344,40),(341,0,51,2668),(341,0,51,2668),16.6364619732),
((339,40),(339,31,51,3262),(339,31,51,3250),20.1950671673),
((339,40),(339,15,51,3146),(339,15,51,3142),17.6146559715),
((339,40),(339,21,51,3300),(339,21,51,3266),17.5372760296),
((339,40),(339,17,51,3144),(339,17,51,3142),17.1404099464),
((806,0),(344,0,51,2648),(344,0,51,2648),15.4908480644),
((806,0),(344,0,51,2666),(344,0,51,2662),15.6106028557),
((806,0),(343,0,51,2660),(343,0,51,2660),15.6724171638),
((806,0),(352,0,51,2612),(352,0,51,2612),15.4947988987),
((806,0),(344,0,51,2658),(344,0,51,2658),15.7153301239),
((343,0),(343,0,51,3220),(343,0,51,3170),15.8800771236),
((343,0),(343,0,51,3222),(342,0,51,3200),16.1322250366),
((343,0),(343,0,51,3116),(342,0,51,3076),16.1545979977),
((343,0),(343,0,51,3238),(343,0,51,3208),16.0622270107),
((343,0),(340,0,51,2668),(340,0,51,2668),15.5288629532),
((806,inf),(352,1,51,2718),(352,1,51,2718),16.1544439793),
((806,inf),(344,0,51,2694),(344,0,51,2694),16.5322492123),
