(SAT 352,1,51,(inf,inf),31.7133619785),
(OPT1 2718,352,1)
(OPT1 2718,352,1)
(OPT1 2718,318,1)
(OPT1 2718,300,1)
(OPT1 2716,300,0)
(OPT1 2716,300,0)
(OPT1 2716,300,0)
(OPT1 2716,300,0)
(OPT1 2716,300,0)
(OPT1 2710,300,0)
(OPT1 2710,300,0)
(OPT1 2710,300,0)
(OPT1 2710,300,0)
(OPT1 2710,300,0)
(OPT1 2710,300,0)
(OPT1 2710,300,0)
(OPT1 2710,300,0)
(OPT1 2710,300,0)
(OPTIMIZER_1_RUNTIME 54.819355011)
(OPT2 2718,352,1)
(OPT2 2716,352,0)
(OPT2 2716,352,0)
(OPT2 2716,352,0)
(OPT2 2716,318,0)
(OPT2 2716,300,0)
(OPT2 2716,300,0)
(OPT2 2716,300,0)
(OPT2 2716,300,0)
(OPT2 2716,300,0)
(OPT2 2716,300,0)
(OPT2 2710,300,0)
(OPT2 2710,300,0)
(OPT2 2710,300,0)
(OPT2 2710,300,0)
(OPT2 2710,300,0)
(OPT2 2710,300,0)
(OPT2 2710,300,0)
(OPTIMIZER_2_RUNTIME 54.5160839558)
(OPT_RND 2716,352,0)
(OPT_RND 2716,352,0)
(OPT_RND 2716,352,0)
(OPT_RND 2716,307,0)
(OPT_RND 2716,307,0)
(OPT_RND 2716,307,0)
(OPT_RND 2716,307,0)
(OPT_RND 2716,307,0)
(OPT_RND 2716,307,0)
(OPT_RND 2716,300,0)
(OPT_RND 2716,300,0)
(OPT_RND 2716,300,0)
(OPT_RND 2716,300,0)
(OPT_RND 2716,300,0)
(OPT_RND 2716,300,0)
(OPT_RND 2716,300,0)
(OPT_RND 2716,300,0)
(OPT_RND 2716,300,0)
(OPTIMIZER_RND_RUNTIME 54.4099891186)
(OPT_RND 2718,352,1)
(OPT_RND 2718,307,1)
(OPT_RND 2716,307,0)
(OPT_RND 2716,307,0)
(OPT_RND 2716,307,0)
(OPT_RND 2716,307,0)
(OPT_RND 2716,307,0)
(OPT_RND 2716,307,0)
(OPT_RND 2716,307,0)
(OPT_RND 2716,307,0)
(OPT_RND 2716,307,0)
(OPT_RND 2716,307,0)
(OPTIMIZER_RND_RUNTIME 33.2129938602)
(OPT_RND 2718,352,1)
(OPT_RND 2718,352,1)
(OPT_RND 2718,352,1)
(OPT_RND 2718,307,1)
(OPT_RND 2718,300,1)
(OPT_RND 2718,300,1)
(OPT_RND 2718,300,1)
(OPT_RND 2718,300,1)
(OPT_RND 2718,300,1)
(OPT_RND 2718,300,1)
(OPT_RND 2718,300,1)
(OPT_RND 2718,300,1)
(OPTIMIZER_RND_RUNTIME 37.7089898586)
(SAT 344,0,51,(inf,inf),30.7729849815),
(OPT1 2694,344,0)
(OPT1 2694,344,0)
(OPT1 2694,310,0)
(OPT1 2694,299,0)
(OPT1 2694,299,0)
(OPT1 2694,299,0)
(OPT1 2694,299,0)
(OPT1 2694,299,0)
(OPT1 2694,299,0)
(OPT1 2688,299,0)
(OPT1 2688,299,0)
(OPT1 2688,299,0)
(OPT1 2688,299,0)
(OPT1 2688,299,0)
(OPT1 2688,299,0)
(OPT1 2688,299,0)
(OPT1 2688,299,0)
(OPT1 2688,299,0)
(OPTIMIZER_1_RUNTIME 53.923003912)
(OPT2 2694,344,0)
(OPT2 2694,344,0)
(OPT2 2694,344,0)
(OPT2 2694,344,0)
(OPT2 2694,310,0)
(OPT2 2694,299,0)
(OPT2 2694,299,0)
(OPT2 2694,299,0)
(OPT2 2694,299,0)
(OPT2 2694,299,0)
(OPT2 2694,299,0)
(OPT2 2688,299,0)
(OPT2 2688,299,0)
(OPT2 2688,299,0)
(OPT2 2688,299,0)
(OPT2 2688,299,0)
(OPT2 2688,299,0)
(OPT2 2688,299,0)
(OPTIMIZER_2_RUNTIME 55.6065869331)
(OPT_RND 2694,344,0)
(OPT_RND 2694,344,0)
(OPT_RND 2694,344,0)
(OPT_RND 2694,305,0)
(OPT_RND 2694,305,0)
(OPT_RND 2694,305,0)
(OPT_RND 2694,305,0)
(OPT_RND 2694,305,0)
(OPT_RND 2694,305,0)
(OPT_RND 2694,297,0)
(OPT_RND 2694,297,0)
(OPT_RND 2694,297,0)
(OPT_RND 2694,297,0)
(OPT_RND 2694,297,0)
(OPT_RND 2694,297,0)
(OPT_RND 2694,297,0)
(OPT_RND 2694,297,0)
(OPT_RND 2694,297,0)
(OPTIMIZER_RND_RUNTIME 53.2748560905)
(OPT_RND 2694,344,0)
(OPT_RND 2694,305,0)
(OPT_RND 2694,305,0)
(OPT_RND 2694,305,0)
(OPT_RND 2694,305,0)
(OPT_RND 2694,305,0)
(OPT_RND 2694,305,0)
(OPT_RND 2694,305,0)
(OPT_RND 2694,305,0)
(OPT_RND 2694,305,0)
(OPT_RND 2694,305,0)
(OPT_RND 2694,305,0)
(OPTIMIZER_RND_RUNTIME 32.6396579742)
(OPT_RND 2694,344,0)
(OPT_RND 2694,344,0)
(OPT_RND 2694,344,0)
(OPT_RND 2694,305,0)
(OPT_RND 2694,298,0)
(OPT_RND 2694,298,0)
(OPT_RND 2694,298,0)
(OPT_RND 2694,297,0)
(OPT_RND 2694,297,0)
(OPT_RND 2694,297,0)
(OPT_RND 2694,297,0)
(OPT_RND 2694,297,0)
(OPT_RND 2694,297,0)
(OPT_RND 2694,297,0)
(OPT_RND 2694,297,0)
(OPT_RND 2694,297,0)
(OPT_RND 2694,297,0)
(OPT_RND 2694,297,0)
(OPTIMIZER_RND_RUNTIME 51.3008971214)
(SAT 343,0,51,(inf,inf),31.8086898327),
(OPT1 2692,343,0)
(OPT1 2692,343,0)
(OPT1 2692,309,0)
(OPT1 2690,298,0)
(OPT1 2690,298,0)
(OPT1 2690,298,0)
(OPT1 2690,298,0)
(OPT1 2690,298,0)
(OPT1 2690,298,0)
(OPT1 2686,298,0)
(OPT1 2686,298,0)
(OPT1 2686,298,0)
(OPT1 2686,298,0)
(OPT1 2686,298,0)
(OPT1 2686,298,0)
(OPT1 2686,298,0)
(OPT1 2686,298,0)
(OPT1 2686,298,0)
(OPTIMIZER_1_RUNTIME 54.3216760159)
(OPT2 2692,343,0)
(OPT2 2692,343,0)
(OPT2 2692,343,0)
(OPT2 2692,343,0)
(OPT2 2692,309,0)
(OPT2 2690,298,0)
(OPT2 2690,298,0)
(OPT2 2690,298,0)
(OPT2 2690,298,0)
(OPT2 2690,298,0)
(OPT2 2690,298,0)
(OPT2 2686,298,0)
(OPT2 2686,298,0)
(OPT2 2686,298,0)
(OPT2 2686,298,0)
(OPT2 2686,298,0)
(OPT2 2686,298,0)
(OPT2 2686,298,0)
(OPTIMIZER_2_RUNTIME 55.6116878986)
(OPT_RND 2692,343,0)
(OPT_RND 2692,343,0)
(OPT_RND 2692,343,0)
(OPT_RND 2692,308,0)
(OPT_RND 2692,308,0)
(OPT_RND 2692,308,0)
(OPT_RND 2692,308,0)
(OPT_RND 2692,308,0)
(OPT_RND 2692,308,0)
(OPT_RND 2692,297,0)
(OPT_RND 2692,297,0)
(OPT_RND 2692,297,0)
(OPT_RND 2692,297,0)
(OPT_RND 2692,297,0)
(OPT_RND 2692,297,0)
(OPT_RND 2688,297,0)
(OPT_RND 2688,297,0)
(OPT_RND 2688,297,0)
(OPT_RND 2688,297,0)
(OPT_RND 2688,297,0)
(OPT_RND 2688,297,0)
(OPT_RND 2688,297,0)
(OPT_RND 2688,297,0)
(OPT_RND 2688,297,0)
(OPTIMIZER_RND_RUNTIME 68.6822338104)
(OPT_RND 2692,343,0)
(OPT_RND 2692,308,0)
(OPT_RND 2692,308,0)
(OPT_RND 2692,308,0)
(OPT_RND 2692,308,0)
(OPT_RND 2692,308,0)
(OPT_RND 2692,308,0)
(OPT_RND 2692,308,0)
(OPT_RND 2692,308,0)
(OPT_RND 2692,308,0)
(OPT_RND 2692,308,0)
(OPT_RND 2692,308,0)
(OPTIMIZER_RND_RUNTIME 32.528085947)
(OPT_RND 2692,343,0)
(OPT_RND 2692,343,0)
(OPT_RND 2692,343,0)
(OPT_RND 2692,308,0)
(OPT_RND 2692,298,0)
(OPT_RND 2692,298,0)
(OPT_RND 2692,298,0)
(OPT_RND 2692,297,0)
(OPT_RND 2688,297,0)
(OPT_RND 2688,297,0)
(OPT_RND 2688,297,0)
(OPT_RND 2688,297,0)
(OPT_RND 2688,297,0)
(OPT_RND 2688,297,0)
(OPT_RND 2688,297,0)
(OPT_RND 2688,297,0)
(OPT_RND 2688,297,0)
(OPT_RND 2688,297,0)
(OPTIMIZER_RND_RUNTIME 52.0410671234)
(SAT 338,11,51,(338,inf),33.2966501713),
(OPT1 3084,338,11)
(OPT1 3072,338,11)
(OPT1 3072,303,11)
(OPT1 3068,291,11)
(OPT1 3006,292,0)
(OPT1 3006,292,0)
(OPT1 3006,292,0)
(OPT1 2952,292,0)
(OPT1 2952,292,0)
(OPT1 2928,292,0)
(OPT1 2928,292,0)
(OPT1 2928,292,0)
(OPT1 2928,292,0)
(OPT1 2928,292,0)
(OPT1 2928,292,0)
(OPT1 2928,292,0)
(OPT1 2928,292,0)
(OPT1 2928,292,0)
(OPTIMIZER_1_RUNTIME 62.9807751179)
(OPT2 3084,338,11)
(OPT2 3024,338,1)
(OPT2 3024,338,1)
(OPT2 2956,338,1)
(OPT2 2956,304,1)
(OPT2 2946,292,1)
(OPT2 2946,292,1)
(OPT2 2944,292,0)
(OPT2 2944,292,0)
(OPT2 2944,292,0)
(OPT2 2944,292,0)
(OPT2 2922,292,0)
(OPT2 2922,292,0)
(OPT2 2922,292,0)
(OPT2 2922,292,0)
(OPT2 2922,292,0)
(OPT2 2922,292,0)
(OPT2 2922,292,0)
(OPTIMIZER_2_RUNTIME 63.5417180061)
(OPT_RND 3014,338,1)
(OPT_RND 3014,338,1)
(OPT_RND 3014,338,1)
(OPT_RND 2942,299,1)
(OPT_RND 2942,299,1)
(OPT_RND 2942,299,1)
(OPT_RND 2942,299,1)
(OPT_RND 2942,299,1)
(OPT_RND 2942,299,1)
(OPT_RND 2942,289,1)
(OPT_RND 2940,289,0)
(OPT_RND 2940,289,0)
(OPT_RND 2940,289,0)
(OPT_RND 2940,289,0)
(OPT_RND 2940,289,0)
(OPT_RND 2936,289,0)
(OPT_RND 2936,289,0)
(OPT_RND 2936,289,0)
(OPT_RND 2936,289,0)
(OPT_RND 2936,289,0)
(OPT_RND 2936,289,0)
(OPT_RND 2936,289,0)
(OPT_RND 2936,289,0)
(OPT_RND 2936,289,0)
(OPTIMIZER_RND_RUNTIME 79.3192198277)
(OPT_RND 3074,338,11)
(OPT_RND 3064,299,11)
(OPT_RND 3002,299,0)
(OPT_RND 3002,299,0)
(OPT_RND 2946,299,0)
(OPT_RND 2940,299,0)
(OPT_RND 2940,299,0)
(OPT_RND 2940,299,0)
(OPT_RND 2940,299,0)
(OPT_RND 2940,299,0)
(OPT_RND 2940,299,0)
(OPT_RND 2940,299,0)
(OPTIMIZER_RND_RUNTIME 38.1341531277)
(OPT_RND 3084,338,11)
(OPT_RND 3084,338,11)
(OPT_RND 3084,338,11)
(OPT_RND 3072,299,11)
(OPT_RND 3072,290,11)
(OPT_RND 3068,290,11)
(OPT_RND 3068,290,11)
(OPT_RND 3068,289,11)
(OPT_RND 3062,289,11)
(OPT_RND 3052,289,11)
(OPT_RND 3052,289,11)
(OPT_RND 3052,289,11)
(OPT_RND 2990,289,0)
(OPT_RND 2990,289,0)
(OPT_RND 2990,289,0)
(OPT_RND 2990,289,0)
(OPT_RND 2930,289,0)
(OPT_RND 2930,289,0)
(OPT_RND 2930,289,0)
(OPT_RND 2930,289,0)
(OPT_RND 2930,289,0)
(OPT_RND 2930,289,0)
(OPT_RND 2930,289,0)
(OPT_RND 2930,289,0)
(OPTIMIZER_RND_RUNTIME 83.4392209053)
(SAT 338,384,61,(338,inf),203.488049984),
(OPT1 9124,338,345)
(OPT1 8160,336,345)
(OPT1 8160,303,345)
(OPT1 8092,269,345)
(OPT1 6192,338,213)
(OPT1 6192,338,213)
(OPT1 6192,338,151)
(OPT1 5310,329,151)
(OPT1 5310,304,151)
(OPT1 5210,289,151)
(OPT1 4554,338,71)
(OPT1 4554,338,71)
(OPT1 4554,338,63)
(OPT1 4126,334,63)
(OPT1 4126,313,63)
(OPT1 4038,300,63)
(OPT1 3774,338,14)
(OPT1 3774,338,14)
(OPT1 3774,338,11)
(OPT1 3586,337,11)
(OPT1 3586,328,11)
(OPT1 3564,320,11)
(OPT1 3532,328,0)
(OPT1 3532,328,0)
(OPT1 3532,328,0)
(OPT1 3496,328,0)
(OPT1 3496,324,0)
(OPT1 3496,324,0)
(OPT1 3496,324,0)
(OPT1 3496,324,0)
(OPT1 3496,324,0)
(OPT1 3496,324,0)
(OPT1 3496,324,0)
(OPT1 3496,324,0)
(OPT1 3496,324,0)
(OPT1 3496,324,0)
(OPTIMIZER_1_RUNTIME 316.038476944)
(OPT2 9124,338,345)
(OPT2 8894,338,313)
(OPT2 8894,338,313)
(OPT2 7836,338,313)
(OPT2 7836,323,313)
(OPT2 7768,294,313)
(OPT2 7768,294,222)
(OPT2 6230,338,136)
(OPT2 6230,338,136)
(OPT2 5090,331,136)
(OPT2 5090,315,136)
(OPT2 4944,300,136)
(OPT2 4944,300,120)
(OPT2 4496,338,51)
(OPT2 4496,338,51)
(OPT2 4148,333,51)
(OPT2 4148,318,51)
(OPT2 4106,308,51)
(OPT2 4106,308,46)
(OPT2 3904,338,4)
(OPT2 3904,338,4)
(OPT2 3720,337,4)
(OPT2 3720,329,4)
(OPT2 3710,325,4)
(OPT2 3710,325,3)
(OPT2 3700,327,0)
(OPT2 3700,327,0)
(OPT2 3690,327,0)
(OPT2 3690,327,0)
(OPT2 3690,326,0)
(OPT2 3690,326,0)
(OPT2 3690,326,0)
(OPT2 3690,326,0)
(OPT2 3690,326,0)
(OPT2 3690,326,0)
(OPT2 3690,326,0)
(OPTIMIZER_2_RUNTIME 370.301454067)
(OPT_RND 8844,338,345)
(OPT_RND 8844,338,345)
(OPT_RND 8844,338,218)
(OPT_RND 7404,292,218)
(OPT_RND 7362,292,218)
(OPT_RND 7360,292,218)
(OPT_RND 7360,292,218)
(OPT_RND 7360,292,218)
(OPT_RND 7216,338,155)
(OPT_RND 7216,323,155)
(OPT_RND 6194,338,125)
(OPT_RND 6194,338,113)
(OPT_RND 6194,338,113)
(OPT_RND 6194,338,113)
(OPT_RND 6194,324,113)
(OPT_RND 5518,322,113)
(OPT_RND 5518,322,112)
(OPT_RND 5444,322,112)
(OPT_RND 5438,330,112)
(OPT_RND 5432,330,112)
(OPT_RND 5432,330,112)
(OPT_RND 5432,330,112)
(OPT_RND 5430,330,112)
(OPT_RND 5176,338,89)
(OPT_RND 4970,317,89)
(OPT_RND 4970,317,77)
(OPT_RND 4936,308,77)
(OPT_RND 4936,308,77)
(OPT_RND 4936,308,77)
(OPT_RND 4936,296,77)
(OPT_RND 4928,296,77)
(OPT_RND 4928,296,77)
(OPT_RND 4926,296,77)
(OPT_RND 4926,296,77)
(OPT_RND 4926,296,77)
(OPT_RND 4926,296,77)
(OPT_RND 4926,296,77)
(OPT_RND 4926,296,77)
(OPT_RND 4926,296,77)
(OPT_RND 4926,296,77)
(OPT_RND 4926,296,77)
(OPT_RND 4926,296,77)
(OPTIMIZER_RND_RUNTIME 452.423085928)
(OPT_RND 9008,338,358)
(OPT_RND 8188,331,358)
(OPT_RND 6734,338,275)
(OPT_RND 6734,338,207)
(OPT_RND 5926,333,207)
(OPT_RND 5840,308,207)
(OPT_RND 5782,338,154)
(OPT_RND 5782,338,153)
(OPT_RND 5782,338,153)
(OPT_RND 5756,338,153)
(OPT_RND 5374,338,143)
(OPT_RND 5374,338,143)
(OPT_RND 5374,338,143)
(OPT_RND 5158,338,143)
(OPT_RND 5158,327,143)
(OPT_RND 4892,338,114)
(OPT_RND 4892,338,114)
(OPT_RND 4892,331,114)
(OPT_RND 4748,338,98)
(OPT_RND 4450,323,98)
(OPT_RND 4164,338,60)
(OPT_RND 4164,320,60)
(OPT_RND 4022,338,32)
(OPT_RND 4022,338,32)
(OPT_RND 4022,333,32)
(OPT_RND 3998,338,26)
(OPT_RND 3726,336,26)
(OPT_RND 3714,336,26)
(OPT_RND 3714,336,17)
(OPT_RND 3714,337,17)
(OPT_RND 3706,337,17)
(OPT_RND 3704,337,17)
(OPT_RND 3704,337,17)
(OPT_RND 3704,337,17)
(OPT_RND 3704,337,17)
(OPT_RND 3704,337,17)
(OPT_RND 3686,338,14)
(OPT_RND 3664,338,14)
(OPT_RND 3664,338,14)
(OPT_RND 3664,338,14)
(OPT_RND 3664,338,14)
(OPT_RND 3652,329,14)
(OPT_RND 3652,321,14)
(OPT_RND 3638,321,14)
(OPT_RND 3638,321,14)
(OPT_RND 3630,321,14)
(OPT_RND 3630,321,14)
(OPT_RND 3630,321,14)
(OPT_RND 3630,321,14)
(OPT_RND 3630,321,14)
(OPT_RND 3590,332,0)
(OPT_RND 3590,332,0)
(OPT_RND 3540,332,0)
(OPT_RND 3540,332,0)
(OPT_RND 3540,332,0)
(OPT_RND 3540,331,0)
(OPT_RND 3540,331,0)
(OPT_RND 3540,331,0)
(OPT_RND 3540,331,0)
(OPT_RND 3540,331,0)
(OPT_RND 3540,331,0)
(OPT_RND 3540,331,0)
(OPT_RND 3540,331,0)
(OPT_RND 3540,331,0)
(OPT_RND 3540,331,0)
(OPT_RND 3540,331,0)
(OPTIMIZER_RND_RUNTIME 530.477576971)
(OPT_RND 9124,338,345)
(OPT_RND 9104,338,326)
(OPT_RND 9104,338,323)
(OPT_RND 8070,318,323)
(OPT_RND 8070,296,323)
(OPT_RND 8044,296,323)
(OPT_RND 8044,296,323)
(OPT_RND 8044,296,323)
(OPT_RND 8044,296,323)
(OPT_RND 8044,296,323)
(OPT_RND 7882,338,286)
(OPT_RND 7882,338,286)
(OPT_RND 6666,338,191)
(OPT_RND 6666,338,191)
(OPT_RND 6666,338,191)
(OPT_RND 6666,338,191)
(OPT_RND 6148,330,191)
(OPT_RND 5466,338,165)
(OPT_RND 5466,329,165)
(OPT_RND 5114,317,165)
(OPT_RND 5098,317,165)
(OPT_RND 5098,316,165)
(OPT_RND 5098,316,165)
(OPT_RND 5098,316,165)
(OPT_RND 4784,338,140)
(OPT_RND 4630,335,140)
(OPT_RND 4538,338,129)
(OPT_RND 4538,338,105)
(OPT_RND 4516,338,104)
(OPT_RND 4400,329,104)
(OPT_RND 4400,330,104)
(OPT_RND 4400,319,104)
(OPT_RND 4400,319,104)
(OPT_RND 4146,338,59)
(OPT_RND 4146,338,59)
(OPT_RND 4146,326,59)
(OPT_RND 4022,338,44)
(OPT_RND 4022,331,44)
(OPT_RND 3772,329,44)
(OPT_RND 3772,329,35)
(OPT_RND 3772,326,35)
(OPT_RND 3772,326,35)
(OPT_RND 3772,327,35)
(OPT_RND 3744,327,35)
(OPT_RND 3744,327,35)
(OPT_RND 3744,327,35)
(OPT_RND 3740,327,35)
(OPT_RND 3740,327,35)
(OPT_RND 3740,326,35)
(OPT_RND 3740,326,35)
(OPT_RND 3740,326,35)
(OPT_RND 3740,326,35)
(OPT_RND 3740,326,35)
(OPT_RND 3642,338,16)
(OPT_RND 3642,335,16)
(OPT_RND 3560,324,16)
(OPT_RND 3560,324,15)
(OPT_RND 3554,322,15)
(OPT_RND 3554,322,15)
(OPT_RND 3554,322,15)
(OPT_RND 3554,322,15)
(OPT_RND 3554,322,15)
(OPT_RND 3506,332,0)
(OPT_RND 3506,331,0)
(OPT_RND 3506,331,0)
(OPT_RND 3506,331,0)
(OPT_RND 3506,331,0)
(OPT_RND 3452,331,0)
(OPT_RND 3452,331,0)
(OPT_RND 3452,331,0)
(OPT_RND 3452,331,0)
(OPT_RND 3452,331,0)
(OPT_RND 3452,331,0)
(OPT_RND 3452,331,0)
(OPT_RND 3452,331,0)
(OPT_RND 3452,331,0)
(OPT_RND 3452,331,0)
(OPT_RND 3452,331,0)
(OPTIMIZER_RND_RUNTIME 676.74246788)
(SAT 338,24,51,(338,inf),34.5406239033),
(OPT1 3232,338,24)
(OPT1 3224,338,24)
(OPT1 3224,303,24)
(OPT1 3220,292,24)
(OPT1 3104,293,0)
(OPT1 3104,293,0)
(OPT1 3104,293,0)
(OPT1 3042,293,0)
(OPT1 3042,292,0)
(OPT1 3014,292,0)
(OPT1 3014,292,0)
(OPT1 3014,292,0)
(OPT1 3014,292,0)
(OPT1 3014,292,0)
(OPT1 3014,292,0)
(OPT1 3014,292,0)
(OPT1 3014,292,0)
(OPT1 3014,292,0)
(OPTIMIZER_1_RUNTIME 66.5123860836)
(OPT2 3232,338,24)
(OPT2 3132,338,6)
(OPT2 3132,338,6)
(OPT2 3070,338,6)
(OPT2 3070,303,6)
(OPT2 3054,292,6)
(OPT2 3054,292,4)
(OPT2 3044,293,0)
(OPT2 3044,293,0)
(OPT2 3032,293,0)
(OPT2 3032,292,0)
(OPT2 3016,292,0)
(OPT2 3016,292,0)
(OPT2 3016,292,0)
(OPT2 3016,292,0)
(OPT2 3016,292,0)
(OPT2 3016,292,0)
(OPT2 3016,292,0)
(OPTIMIZER_2_RUNTIME 67.7993860245)
(OPT_RND 3128,338,7)
(OPT_RND 3128,338,7)
(OPT_RND 3128,338,2)
(OPT_RND 3048,299,2)
(OPT_RND 3046,299,2)
(OPT_RND 3046,299,2)
(OPT_RND 3046,299,2)
(OPT_RND 3046,299,2)
(OPT_RND 3046,299,2)
(OPT_RND 3046,288,2)
(OPT_RND 3040,288,0)
(OPT_RND 3040,288,0)
(OPT_RND 3040,288,0)
(OPT_RND 3040,288,0)
(OPT_RND 3040,288,0)
(OPT_RND 3014,288,0)
(OPT_RND 3014,288,0)
(OPT_RND 3008,288,0)
(OPT_RND 3008,288,0)
(OPT_RND 3008,288,0)
(OPT_RND 3008,288,0)
(OPT_RND 3008,288,0)
(OPT_RND 3008,288,0)
(OPT_RND 3008,288,0)
(OPTIMIZER_RND_RUNTIME 83.715747118)
(OPT_RND 3222,338,22)
(OPT_RND 3210,298,22)
(OPT_RND 3098,299,0)
(OPT_RND 3098,299,0)
(OPT_RND 3034,299,0)
(OPT_RND 3024,299,0)
(OPT_RND 3024,299,0)
(OPT_RND 3024,299,0)
(OPT_RND 3024,299,0)
(OPT_RND 3022,299,0)
(OPT_RND 3022,299,0)
(OPT_RND 3022,299,0)
(OPT_RND 3022,299,0)
(OPT_RND 3022,299,0)
(OPT_RND 3022,288,0)
(OPT_RND 3022,288,0)
(OPT_RND 3022,288,0)
(OPT_RND 3022,288,0)
(OPT_RND 3022,288,0)
(OPT_RND 3002,288,0)
(OPT_RND 3002,288,0)
(OPT_RND 3002,288,0)
(OPT_RND 3002,288,0)
(OPT_RND 3002,288,0)
(OPT_RND 3002,288,0)
(OPT_RND 3002,288,0)
(OPT_RND 3000,288,0)
(OPT_RND 3000,288,0)
(OPT_RND 3000,288,0)
(OPT_RND 3000,288,0)
(OPT_RND 3000,288,0)
(OPT_RND 3000,288,0)
(OPT_RND 3000,288,0)
(OPT_RND 3000,288,0)
(OPT_RND 3000,288,0)
(OPT_RND 3000,288,0)
(OPTIMIZER_RND_RUNTIME 118.856612921)
(OPT_RND 3232,338,24)
(OPT_RND 3232,338,22)
(OPT_RND 3232,338,22)
(OPT_RND 3222,298,22)
(OPT_RND 3222,288,22)
(OPT_RND 3220,288,22)
(OPT_RND 3220,288,22)
(OPT_RND 3220,287,22)
(OPT_RND 3206,287,22)
(OPT_RND 3200,287,22)
(OPT_RND 3200,287,22)
(OPT_RND 3200,287,22)
(OPT_RND 3086,288,0)
(OPT_RND 3086,288,0)
(OPT_RND 3086,288,0)
(OPT_RND 3086,288,0)
(OPT_RND 3014,288,0)
(OPT_RND 3014,288,0)
(OPT_RND 3014,288,0)
(OPT_RND 3012,288,0)
(OPT_RND 3012,288,0)
(OPT_RND 3012,288,0)
(OPT_RND 3012,288,0)
(OPT_RND 3012,288,0)
(OPT_RND 3012,288,0)
(OPT_RND 3012,288,0)
(OPT_RND 3012,288,0)
(OPT_RND 3012,288,0)
(OPT_RND 3012,288,0)
(OPT_RND 3012,288,0)
(OPTIMIZER_RND_RUNTIME 105.881664038)
(SAT 333,420,51,(333,inf),89.6813569069),
(OPT1 7490,333,369)
(OPT1 6934,333,369)
(OPT1 6934,303,369)
(OPT1 6866,262,369)
(OPT1 5458,333,217)
(OPT1 5458,333,217)
(OPT1 5458,333,171)
(OPT1 4886,326,171)
(OPT1 4886,312,171)
(OPT1 4820,289,171)
(OPT1 4382,333,102)
(OPT1 4382,333,102)
(OPT1 4382,333,88)
(OPT1 4070,331,88)
(OPT1 4070,323,88)
(OPT1 4008,319,88)
(OPT1 3876,333,66)
(OPT1 3876,333,66)
(OPT1 3876,333,62)
(OPT1 3766,333,62)
(OPT1 3766,330,62)
(OPT1 3760,327,62)
(OPT1 3702,333,54)
(OPT1 3702,333,54)
(OPT1 3702,333,52)
(OPT1 3656,333,52)
(OPT1 3656,332,52)
(OPT1 3656,332,52)
(OPT1 3648,333,50)
(OPT1 3648,333,50)
(OPT1 3648,333,49)
(OPT1 3646,333,49)
(OPT1 3646,333,49)
(OPT1 3646,332,49)
(OPT1 3638,333,47)
(OPT1 3638,333,47)
(OPT1 3638,333,47)
(OPT1 3634,333,47)
(OPT1 3634,333,47)
(OPT1 3634,333,47)
(OPT1 3634,333,46)
(OPT1 3634,333,46)
(OPT1 3634,333,46)
(OPT1 3634,333,46)
(OPT1 3634,333,46)
(OPT1 3634,333,46)
(OPT1 3634,333,46)
(OPT1 3634,333,46)
(OPTIMIZER_1_RUNTIME 324.624802828)
(OPT2 7490,333,369)
(OPT2 7320,333,291)
(OPT2 7320,333,291)
(OPT2 6680,333,291)
(OPT2 6680,325,291)
(OPT2 6610,278,291)
(OPT2 6610,278,237)
(OPT2 5422,333,161)
(OPT2 5422,333,161)
(OPT2 4768,327,161)
(OPT2 4768,311,161)
(OPT2 4682,294,161)
(OPT2 4682,294,144)
(OPT2 4362,333,94)
(OPT2 4362,333,94)
(OPT2 4096,331,94)
(OPT2 4096,323,94)
(OPT2 4080,320,94)
(OPT2 4080,320,83)
(OPT2 3940,333,54)
(OPT2 3940,333,54)
(OPT2 3820,333,54)
(OPT2 3820,329,54)
(OPT2 3818,323,54)
(OPT2 3818,324,52)
(OPT2 3756,333,40)
(OPT2 3756,333,40)
(OPT2 3704,333,40)
(OPT2 3704,331,40)
(OPT2 3682,330,40)
(OPT2 3682,331,40)
(OPT2 3666,333,37)
(OPT2 3666,333,37)
(OPT2 3636,333,37)
(OPT2 3636,333,37)
(OPT2 3636,333,37)
(OPT2 3636,333,37)
(OPT2 3634,333,36)
(OPT2 3634,333,36)
(OPT2 3634,333,36)
(OPT2 3634,333,36)
(OPT2 3634,333,36)
(OPT2 3634,333,35)
(OPT2 3634,333,35)
(OPT2 3634,333,35)
(OPT2 3632,333,35)
(OPT2 3632,333,35)
(OPT2 3632,333,35)
(OPT2 3632,333,35)
(OPT2 3632,333,35)
(OPT2 3632,333,35)
(OPT2 3632,333,35)
(OPT2 3632,333,35)
(OPT2 3632,333,35)
(OPTIMIZER_2_RUNTIME 381.033185959)
(OPT_RND 7298,333,334)
(OPT_RND 7298,333,334)
(OPT_RND 7298,333,224)
(OPT_RND 6514,302,224)
(OPT_RND 6492,300,224)
(OPT_RND 6492,300,224)
(OPT_RND 6492,300,224)
(OPT_RND 6492,300,224)
(OPT_RND 6346,333,178)
(OPT_RND 6346,327,178)
(OPT_RND 5604,333,144)
(OPT_RND 5604,333,120)
(OPT_RND 5604,333,121)
(OPT_RND 5604,333,120)
(OPT_RND 5604,319,120)
(OPT_RND 5116,318,120)
(OPT_RND 5116,318,119)
(OPT_RND 5062,318,119)
(OPT_RND 5056,333,111)
(OPT_RND 5054,333,111)
(OPT_RND 5054,333,111)
(OPT_RND 5054,333,111)
(OPT_RND 5054,333,111)
(OPT_RND 4864,333,100)
(OPT_RND 4710,322,100)
(OPT_RND 4710,322,97)
(OPT_RND 4704,318,97)
(OPT_RND 4704,318,96)
(OPT_RND 4704,318,96)
(OPT_RND 4704,309,96)
(OPT_RND 4692,309,96)
(OPT_RND 4692,309,96)
(OPT_RND 4692,309,96)
(OPT_RND 4692,309,96)
(OPT_RND 4692,309,96)
(OPT_RND 4692,309,96)
(OPT_RND 4692,309,96)
(OPT_RND 4692,309,96)
(OPT_RND 4692,309,96)
(OPT_RND 4692,309,96)
(OPT_RND 4692,309,96)
(OPT_RND 4692,309,96)
(OPTIMIZER_RND_RUNTIME 382.604253054)
(OPT_RND 7436,333,380)
(OPT_RND 6976,319,380)
(OPT_RND 5908,333,291)
(OPT_RND 5908,333,188)
(OPT_RND 5410,330,188)
(OPT_RND 5384,319,188)
(OPT_RND 5336,333,168)
(OPT_RND 5336,333,164)
(OPT_RND 5336,333,164)
(OPT_RND 5332,333,164)
(OPT_RND 5096,333,160)
(OPT_RND 5096,333,160)
(OPT_RND 5096,333,160)
(OPT_RND 4940,333,160)
(OPT_RND 4940,322,160)
(OPT_RND 4634,333,121)
(OPT_RND 4634,333,121)
(OPT_RND 4634,323,121)
(OPT_RND 4506,333,102)
(OPT_RND 4176,327,102)
(OPT_RND 4046,333,88)
(OPT_RND 4046,326,88)
(OPT_RND 3982,333,70)
(OPT_RND 3982,333,70)
(OPT_RND 3982,332,70)
(OPT_RND 3946,333,60)
(OPT_RND 3786,333,60)
(OPT_RND 3766,333,60)
(OPT_RND 3766,333,51)
(OPT_RND 3766,333,51)
(OPT_RND 3746,333,51)
(OPT_RND 3746,333,51)
(OPT_RND 3746,333,51)
(OPT_RND 3746,333,51)
(OPT_RND 3746,333,51)
(OPT_RND 3746,333,51)
(OPT_RND 3746,333,51)
(OPT_RND 3746,333,51)
(OPT_RND 3746,333,50)
(OPT_RND 3746,333,50)
(OPT_RND 3746,333,50)
(OPT_RND 3744,328,50)
(OPT_RND 3744,328,50)
(OPT_RND 3744,328,50)
(OPT_RND 3744,328,50)
(OPT_RND 3744,328,50)
(OPT_RND 3744,332,50)
(OPT_RND 3744,332,50)
(OPT_RND 3744,332,50)
(OPT_RND 3744,332,50)
(OPT_RND 3680,333,36)
(OPT_RND 3680,333,36)
(OPT_RND 3650,333,36)
(OPT_RND 3648,331,36)
(OPT_RND 3640,333,32)
(OPT_RND 3640,331,32)
(OPT_RND 3630,333,28)
(OPT_RND 3630,333,28)
(OPT_RND 3630,333,28)
(OPT_RND 3614,333,28)
(OPT_RND 3614,333,28)
(OPT_RND 3614,333,28)
(OPT_RND 3614,333,28)
(OPT_RND 3608,333,24)
(OPT_RND 3600,333,24)
(OPT_RND 3600,333,24)
(OPT_RND 3600,333,24)
(OPT_RND 3600,333,24)
(OPT_RND 3600,333,24)
(OPT_RND 3600,333,24)
(OPT_RND 3600,333,24)
(OPT_RND 3600,333,24)
(OPTIMIZER_RND_RUNTIME 471.970174074)
(OPT_RND 7490,333,369)
(OPT_RND 7476,333,330)
(OPT_RND 7476,333,330)
(OPT_RND 6888,310,330)
(OPT_RND 6888,280,330)
(OPT_RND 6850,280,330)
(OPT_RND 6850,280,330)
(OPT_RND 6850,280,330)
(OPT_RND 6848,280,330)
(OPT_RND 6848,280,330)
(OPT_RND 6704,333,297)
(OPT_RND 6704,333,297)
(OPT_RND 5732,333,200)
(OPT_RND 5732,333,200)
(OPT_RND 5732,333,200)
(OPT_RND 5732,333,200)
(OPT_RND 5372,324,200)
(OPT_RND 4970,333,174)
(OPT_RND 4970,327,175)
(OPT_RND 4744,317,175)
(OPT_RND 4732,317,175)
(OPT_RND 4732,315,175)
(OPT_RND 4732,315,175)
(OPT_RND 4732,315,175)
(OPT_RND 4486,333,149)
(OPT_RND 4404,331,149)
(OPT_RND 4350,333,139)
(OPT_RND 4350,333,111)
(OPT_RND 4336,333,110)
(OPT_RND 4276,327,110)
(OPT_RND 4276,328,110)
(OPT_RND 4276,312,110)
(OPT_RND 4276,312,109)
(OPT_RND 4088,333,80)
(OPT_RND 4088,333,80)
(OPT_RND 4088,331,80)
(OPT_RND 4032,333,68)
(OPT_RND 4032,332,68)
(OPT_RND 3842,331,68)
(OPT_RND 3842,331,66)
(OPT_RND 3842,331,66)
(OPT_RND 3842,333,66)
(OPT_RND 3842,333,66)
(OPT_RND 3800,333,66)
(OPT_RND 3800,333,66)
(OPT_RND 3800,333,66)
(OPT_RND 3788,333,66)
(OPT_RND 3788,333,66)
(OPT_RND 3788,333,66)
(OPT_RND 3788,333,66)
(OPT_RND 3788,333,66)
(OPT_RND 3788,333,66)
(OPT_RND 3788,333,66)
(OPT_RND 3776,333,63)
(OPT_RND 3776,333,64)
(OPT_RND 3772,330,64)
(OPT_RND 3772,330,64)
(OPT_RND 3772,330,64)
(OPT_RND 3772,330,64)
(OPT_RND 3772,330,64)
(OPT_RND 3772,330,64)
(OPT_RND 3772,330,64)
(OPT_RND 3742,333,59)
(OPT_RND 3742,333,59)
(OPT_RND 3742,333,58)
(OPT_RND 3742,333,58)
(OPT_RND 3738,333,58)
(OPT_RND 3708,333,58)
(OPT_RND 3708,333,58)
(OPT_RND 3708,332,58)
(OPT_RND 3708,332,58)
(OPT_RND 3708,332,58)
(OPT_RND 3708,333,58)
(OPT_RND 3700,333,57)
(OPT_RND 3700,333,57)
(OPT_RND 3694,333,57)
(OPT_RND 3694,333,57)
(OPT_RND 3694,333,57)
(OPT_RND 3694,333,58)
(OPT_RND 3694,333,58)
(OPT_RND 3694,333,58)
(OPT_RND 3694,333,58)
(OPT_RND 3688,333,57)
(OPT_RND 3688,333,57)
(OPT_RND 3686,333,58)
(OPT_RND 3686,333,57)
(OPT_RND 3686,333,57)
(OPT_RND 3686,333,57)
(OPT_RND 3686,333,57)
(OPT_RND 3686,333,57)
(OPT_RND 3686,333,58)
(OPT_RND 3686,333,58)
(OPT_RND 3686,333,58)
(OPT_RND 3686,333,58)
(OPT_RND 3686,333,58)
(OPT_RND 3686,333,58)
(OPT_RND 3686,333,58)
(OPT_RND 3686,333,58)
(OPT_RND 3686,333,58)
(OPT_RND 3686,333,58)
(OPT_RND 3686,333,58)
(OPT_RND 3686,333,58)
(OPTIMIZER_RND_RUNTIME 661.300695896)
(SAT 328,329,66,(328,inf),265.519402027),
(OPT1 9322,328,292)
(OPT1 8226,324,292)
(OPT1 8226,297,292)
(OPT1 8180,270,292)
(OPT1 6144,328,175)
(OPT1 6144,328,175)
(OPT1 6144,328,137)
(OPT1 5204,319,137)
(OPT1 5204,293,137)
(OPT1 5092,273,137)
(OPT1 4460,328,77)
(OPT1 4460,328,77)
(OPT1 4460,328,61)
(OPT1 4052,328,61)
(OPT1 4052,312,61)
(OPT1 3980,304,61)
(OPT1 3802,328,34)
(OPT1 3802,328,34)
(OPT1 3802,328,34)
(OPT1 3666,327,34)
(OPT1 3666,319,34)
(OPT1 3652,316,34)
(OPT1 3586,328,16)
(OPT1 3586,328,16)
(OPT1 3586,328,15)
(OPT1 3510,328,15)
(OPT1 3510,324,15)
(OPT1 3492,321,15)
(OPT1 3462,328,4)
(OPT1 3462,328,4)
(OPT1 3462,328,4)
(OPT1 3444,328,4)
(OPT1 3444,324,4)
(OPT1 3438,324,4)
(OPT1 3428,328,0)
(OPT1 3428,328,0)
(OPT1 3428,328,0)
(OPT1 3416,328,0)
(OPT1 3416,327,0)
(OPT1 3416,327,0)
(OPT1 3416,327,0)
(OPT1 3416,327,0)
(OPT1 3416,327,0)
(OPT1 3416,327,0)
(OPT1 3416,327,0)
(OPT1 3416,327,0)
(OPT1 3416,327,0)
(OPT1 3416,327,0)
(OPTIMIZER_1_RUNTIME 367.49734807)
(OPT2 9322,328,292)
(OPT2 8878,328,268)
(OPT2 8878,328,268)
(OPT2 7606,326,268)
(OPT2 7606,316,268)
(OPT2 7550,281,268)
(OPT2 7550,282,244)
(OPT2 6162,328,161)
(OPT2 6162,328,161)
(OPT2 5182,324,161)
(OPT2 5182,303,161)
(OPT2 5046,290,161)
(OPT2 5046,291,126)
(OPT2 4598,328,81)
(OPT2 4598,328,81)
(OPT2 4218,326,81)
(OPT2 4218,308,81)
(OPT2 4160,298,81)
(OPT2 4160,299,69)
(OPT2 3962,328,33)
(OPT2 3962,328,33)
(OPT2 3812,328,33)
(OPT2 3812,326,33)
(OPT2 3796,313,33)
(OPT2 3796,313,32)
(OPT2 3726,328,11)
(OPT2 3726,328,11)
(OPT2 3656,328,11)
(OPT2 3656,324,11)
(OPT2 3654,321,11)
(OPT2 3654,321,9)
(OPT2 3632,328,0)
(OPT2 3632,328,0)
(OPT2 3604,327,0)
(OPT2 3604,322,0)
(OPT2 3590,321,0)
(OPT2 3590,321,0)
(OPT2 3590,321,0)
(OPT2 3590,321,0)
(OPT2 3586,321,0)
(OPT2 3586,321,0)
(OPT2 3586,321,0)
(OPT2 3586,321,0)
(OPT2 3586,321,0)
(OPT2 3586,321,0)
(OPT2 3586,321,0)
(OPT2 3586,321,0)
(OPT2 3586,321,0)
(OPTIMIZER_2_RUNTIME 412.984244108)
(OPT_RND 8846,328,309)
(OPT_RND 8846,328,309)
(OPT_RND 8846,328,239)
(OPT_RND 7230,302,239)
(OPT_RND 7190,302,239)
(OPT_RND 7190,302,239)
(OPT_RND 7190,303,239)
(OPT_RND 7190,303,239)
(OPT_RND 7030,328,184)
(OPT_RND 7030,319,184)
(OPT_RND 6194,328,160)
(OPT_RND 6194,328,123)
(OPT_RND 6194,328,123)
(OPT_RND 6194,328,123)
(OPT_RND 6194,314,123)
(OPT_RND 5608,314,123)
(OPT_RND 5608,314,123)
(OPT_RND 5574,314,123)
(OPT_RND 5560,322,117)
(OPT_RND 5552,322,117)
(OPT_RND 5552,322,117)
(OPT_RND 5552,322,117)
(OPT_RND 5552,322,117)
(OPT_RND 5350,328,95)
(OPT_RND 5170,313,95)
(OPT_RND 5170,313,92)
(OPT_RND 5144,310,92)
(OPT_RND 5144,311,92)
(OPT_RND 5144,311,92)
(OPT_RND 5144,300,92)
(OPT_RND 5144,300,92)
(OPT_RND 5144,300,92)
(OPT_RND 5144,300,92)
(OPT_RND 5144,300,92)
(OPT_RND 5144,300,92)
(OPT_RND 5144,300,92)
(OPTIMIZER_RND_RUNTIME 400.045781136)
(OPT_RND 9224,328,312)
(OPT_RND 8300,316,312)
(OPT_RND 6748,328,266)
(OPT_RND 6748,328,182)
(OPT_RND 5944,326,182)
(OPT_RND 5866,311,182)
(OPT_RND 5826,328,159)
(OPT_RND 5826,328,154)
(OPT_RND 5826,328,154)
(OPT_RND 5802,328,154)
(OPT_RND 5430,328,151)
(OPT_RND 5430,328,151)
(OPT_RND 5430,328,151)
(OPT_RND 5220,328,151)
(OPT_RND 5220,313,151)
(OPT_RND 4902,328,120)
(OPT_RND 4902,328,120)
(OPT_RND 4902,325,120)
(OPT_RND 4808,328,97)
(OPT_RND 4444,321,97)
(OPT_RND 4246,328,70)
(OPT_RND 4246,316,70)
(OPT_RND 4150,328,50)
(OPT_RND 4150,328,50)
(OPT_RND 4150,326,51)
(OPT_RND 4130,328,43)
(OPT_RND 3932,328,43)
(OPT_RND 3912,328,43)
(OPT_RND 3912,328,33)
(OPT_RND 3912,328,33)
(OPT_RND 3898,328,33)
(OPT_RND 3898,328,33)
(OPT_RND 3898,328,33)
(OPT_RND 3898,328,33)
(OPT_RND 3898,328,33)
(OPT_RND 3898,328,33)
(OPT_RND 3884,328,31)
(OPT_RND 3866,328,31)
(OPT_RND 3866,328,31)
(OPT_RND 3866,328,31)
(OPT_RND 3866,328,31)
(OPT_RND 3848,321,31)
(OPT_RND 3848,318,31)
(OPT_RND 3844,318,31)
(OPT_RND 3844,318,31)
(OPT_RND 3844,318,31)
(OPT_RND 3844,318,31)
(OPT_RND 3844,318,31)
(OPT_RND 3844,318,31)
(OPT_RND 3844,318,31)
(OPT_RND 3742,328,17)
(OPT_RND 3742,328,16)
(OPT_RND 3662,328,16)
(OPT_RND 3658,326,16)
(OPT_RND 3640,328,12)
(OPT_RND 3640,321,12)
(OPT_RND 3618,328,5)
(OPT_RND 3618,328,5)
(OPT_RND 3618,328,5)
(OPT_RND 3560,328,5)
(OPT_RND 3560,328,5)
(OPT_RND 3560,325,5)
(OPT_RND 3560,325,5)
(OPT_RND 3554,328,2)
(OPT_RND 3532,328,2)
(OPT_RND 3532,325,2)
(OPT_RND 3532,325,2)
(OPT_RND 3520,325,2)
(OPT_RND 3520,325,2)
(OPT_RND 3518,325,2)
(OPT_RND 3518,325,2)
(OPT_RND 3518,325,2)
(OPT_RND 3514,327,0)
(OPT_RND 3506,327,0)
(OPT_RND 3506,327,0)
(OPT_RND 3506,327,0)
(OPT_RND 3506,327,0)
(OPT_RND 3506,327,0)
(OPT_RND 3506,327,0)
(OPT_RND 3506,327,0)
(OPT_RND 3506,327,0)
(OPT_RND 3506,327,0)
(OPT_RND 3506,327,0)
(OPT_RND 3506,327,0)
(OPTIMIZER_RND_RUNTIME 591.709438086)
(OPT_RND 9322,328,292)
(OPT_RND 9276,328,271)
(OPT_RND 9276,328,263)
(OPT_RND 8144,305,263)
(OPT_RND 8144,288,263)
(OPT_RND 8112,288,263)
(OPT_RND 8112,288,263)
(OPT_RND 8112,288,263)
(OPT_RND 8110,288,263)
(OPT_RND 8110,288,263)
(OPT_RND 7966,328,207)
(OPT_RND 7966,328,207)
(OPT_RND 6518,328,172)
(OPT_RND 6518,328,172)
(OPT_RND 6518,328,172)
(OPT_RND 6518,328,172)
(OPT_RND 5968,322,172)
(OPT_RND 5430,328,149)
(OPT_RND 5430,320,149)
(OPT_RND 5076,315,149)
(OPT_RND 5064,315,149)
(OPT_RND 5064,314,149)
(OPT_RND 5064,314,149)
(OPT_RND 5064,314,149)
(OPT_RND 4696,328,125)
(OPT_RND 4530,326,125)
(OPT_RND 4472,328,122)
(OPT_RND 4472,328,95)
(OPT_RND 4448,328,93)
(OPT_RND 4340,320,93)
(OPT_RND 4340,321,93)
(OPT_RND 4340,303,93)
(OPT_RND 4340,303,93)
(OPT_RND 4148,328,56)
(OPT_RND 4148,328,56)
(OPT_RND 4148,323,56)
(OPT_RND 4088,328,47)
(OPT_RND 4088,327,47)
(OPT_RND 3910,326,47)
(OPT_RND 3910,326,42)
(OPT_RND 3910,325,42)
(OPT_RND 3910,325,42)
(OPT_RND 3910,325,42)
(OPT_RND 3888,325,42)
(OPT_RND 3888,325,42)
(OPT_RND 3888,325,42)
(OPT_RND 3888,325,42)
(OPT_RND 3888,325,42)
(OPT_RND 3888,326,42)
(OPT_RND 3888,326,42)
(OPT_RND 3888,326,42)
(OPT_RND 3888,326,42)
(OPT_RND 3888,326,42)
(OPT_RND 3848,328,37)
(OPT_RND 3848,328,37)
(OPT_RND 3818,324,37)
(OPT_RND 3818,324,37)
(OPT_RND 3816,324,37)
(OPT_RND 3816,324,37)
(OPT_RND 3816,324,37)
(OPT_RND 3816,324,37)
(OPT_RND 3816,324,37)
(OPT_RND 3772,328,29)
(OPT_RND 3772,328,29)
(OPT_RND 3772,328,29)
(OPT_RND 3772,328,29)
(OPT_RND 3756,328,26)
(OPT_RND 3718,328,26)
(OPT_RND 3716,328,26)
(OPT_RND 3706,326,26)
(OPT_RND 3706,326,26)
(OPT_RND 3706,326,26)
(OPT_RND 3704,326,26)
(OPT_RND 3672,328,22)
(OPT_RND 3672,328,22)
(OPT_RND 3646,327,22)
(OPT_RND 3646,328,22)
(OPT_RND 3644,327,22)
(OPT_RND 3644,327,22)
(OPT_RND 3644,327,22)
(OPT_RND 3644,327,22)
(OPT_RND 3644,326,22)
(OPT_RND 3622,328,19)
(OPT_RND 3622,328,19)
(OPT_RND 3582,325,19)
(OPT_RND 3562,328,15)
(OPT_RND 3562,328,15)
(OPT_RND 3562,328,15)
(OPT_RND 3562,328,14)
(OPT_RND 3562,328,14)
(OPT_RND 3538,328,14)
(OPT_RND 3536,328,14)
(OPT_RND 3536,328,14)
(OPT_RND 3536,328,14)
(OPT_RND 3536,328,14)
(OPT_RND 3536,328,14)
(OPT_RND 3536,328,14)
(OPT_RND 3536,328,14)
(OPT_RND 3536,328,14)
(OPT_RND 3536,328,14)
(OPT_RND 3536,328,14)
(OPT_RND 3536,327,14)
(OPT_RND 3536,328,14)
(OPT_RND 3536,328,14)
(OPT_RND 3536,328,14)
(OPT_RND 3536,328,14)
(OPT_RND 3536,328,14)
(OPT_RND 3536,328,14)
(OPT_RND 3528,328,13)
(OPT_RND 3522,328,13)
(OPT_RND 3522,328,13)
(OPT_RND 3522,328,13)
(OPT_RND 3522,328,13)
(OPT_RND 3522,328,13)
(OPT_RND 3522,328,13)
(OPT_RND 3522,328,13)
(OPT_RND 3522,328,13)
(OPT_RND 3522,328,13)
(OPT_RND 3522,328,13)
(OPT_RND 3522,328,13)
(OPTIMIZER_RND_RUNTIME 814.545387983)
(SAT 328,437,81,(328,inf),464.603030205),
(OPT1 10820,328,412)
(OPT1 9828,327,412)
(OPT1 9828,304,412)
(OPT1 9754,274,412)
(OPT1 7268,328,223)
(OPT1 7268,328,223)
(OPT1 7268,328,178)
(OPT1 6192,323,178)
(OPT1 6192,311,178)
(OPT1 6028,276,178)
(OPT1 5140,328,116)
(OPT1 5140,328,116)
(OPT1 5140,328,109)
(OPT1 4572,325,109)
(OPT1 4572,316,109)
(OPT1 4486,298,109)
(OPT1 4228,328,66)
(OPT1 4228,328,66)
(OPT1 4228,328,63)
(OPT1 4068,328,63)
(OPT1 4068,317,63)
(OPT1 4010,314,63)
(OPT1 3940,328,40)
(OPT1 3940,328,40)
(OPT1 3940,328,33)
(OPT1 3868,327,33)
(OPT1 3868,326,33)
(OPT1 3862,325,33)
(OPT1 3838,328,23)
(OPT1 3838,328,23)
(OPT1 3838,328,21)
(OPT1 3818,328,21)
(OPT1 3818,328,21)
(OPT1 3818,327,21)
(OPT1 3814,328,20)
(OPT1 3814,328,20)
(OPT1 3814,328,20)
(OPT1 3808,328,20)
(OPT1 3808,327,20)
(OPT1 3808,327,20)
(OPT1 3804,328,19)
(OPT1 3804,328,19)
(OPT1 3804,328,19)
(OPT1 3798,328,19)
(OPT1 3798,328,19)
(OPT1 3798,328,19)
(OPT1 3798,328,19)
(OPT1 3798,328,19)
(OPT1 3798,328,19)
(OPT1 3798,328,19)
(OPT1 3798,328,19)
(OPT1 3798,328,19)
(OPT1 3798,328,19)
(OPT1 3798,328,19)
(OPTIMIZER_1_RUNTIME 446.16449213)
(OPT2 10820,328,412)
(OPT2 9868,328,309)
(OPT2 9868,328,309)
(OPT2 8498,328,309)
(OPT2 8498,322,309)
(OPT2 8394,289,309)
(OPT2 8394,290,236)
(OPT2 6956,328,167)
(OPT2 6956,328,167)
(OPT2 5868,323,167)
(OPT2 5868,309,167)
(OPT2 5672,283,167)
(OPT2 5672,283,143)
(OPT2 5018,328,85)
(OPT2 5018,328,85)
(OPT2 4552,325,85)
(OPT2 4552,315,85)
(OPT2 4450,300,85)
(OPT2 4450,301,80)
(OPT2 4286,328,50)
(OPT2 4286,328,50)
(OPT2 4150,327,50)
(OPT2 4150,314,50)
(OPT2 4118,312,50)
(OPT2 4118,312,44)
(OPT2 4066,328,24)
(OPT2 4066,328,24)
(OPT2 4012,328,24)
(OPT2 4012,326,24)
(OPT2 4008,321,24)
(OPT2 4008,321,19)
(OPT2 3992,328,12)
(OPT2 3992,328,12)
(OPT2 3966,328,12)
(OPT2 3966,327,12)
(OPT2 3966,326,12)
(OPT2 3966,326,11)
(OPT2 3962,328,9)
(OPT2 3962,328,9)
(OPT2 3952,328,9)
(OPT2 3952,328,9)
(OPT2 3952,328,9)
(OPT2 3952,328,9)
(OPT2 3952,328,9)
(OPT2 3952,328,9)
(OPT2 3952,328,9)
(OPT2 3952,328,9)
(OPT2 3952,328,9)
(OPTIMIZER_2_RUNTIME 466.520735979)
(OPT_RND 9792,328,340)
(OPT_RND 9792,328,340)
(OPT_RND 9792,328,232)
(OPT_RND 7880,304,232)
(OPT_RND 7816,304,232)
(OPT_RND 7810,304,232)
(OPT_RND 7810,305,232)
(OPT_RND 7810,305,232)
(OPT_RND 7672,328,168)
(OPT_RND 7672,321,168)
(OPT_RND 6590,328,142)
(OPT_RND 6590,328,123)
(OPT_RND 6590,328,123)
(OPT_RND 6590,328,123)
(OPT_RND 6590,319,123)
(OPT_RND 5832,319,123)
(OPT_RND 5832,319,123)
(OPT_RND 5724,319,123)
(OPT_RND 5720,322,117)
(OPT_RND 5708,322,117)
(OPT_RND 5708,322,117)
(OPT_RND 5708,322,117)
(OPT_RND 5708,322,117)
(OPT_RND 5478,328,99)
(OPT_RND 5290,312,99)
(OPT_RND 5290,312,96)
(OPT_RND 5270,310,96)
(OPT_RND 5270,310,96)
(OPT_RND 5270,310,96)
(OPT_RND 5270,295,96)
(OPT_RND 5220,294,96)
(OPT_RND 5220,294,96)
(OPT_RND 5218,294,96)
(OPT_RND 5218,294,96)
(OPT_RND 5218,295,96)
(OPT_RND 5218,295,96)
(OPT_RND 5218,294,96)
(OPT_RND 5218,294,96)
(OPT_RND 5218,294,96)
(OPT_RND 5218,294,96)
(OPT_RND 5218,294,96)
(OPT_RND 5218,294,96)
(OPT_RND 5218,294,96)
(OPT_RND 4818,328,46)
(OPT_RND 4576,317,46)
(OPT_RND 4556,317,46)
(OPT_RND 4556,305,46)
(OPT_RND 4416,328,14)
(OPT_RND 4416,316,14)
(OPT_RND 4416,316,14)
(OPT_RND 4416,316,14)
(OPT_RND 4386,328,1)
(OPT_RND 4386,328,1)
(OPT_RND 4386,328,1)
(OPT_RND 4386,328,0)
(OPT_RND 4386,328,0)
(OPT_RND 4250,327,0)
(OPT_RND 4250,327,0)
(OPT_RND 4246,327,0)
(OPT_RND 4246,324,0)
(OPT_RND 4246,324,0)
(OPT_RND 4246,324,0)
(OPT_RND 4246,324,0)
(OPT_RND 4246,324,0)
(OPT_RND 4246,324,0)
(OPT_RND 4246,324,0)
(OPTIMIZER_RND_RUNTIME 642.153923035)
(OPT_RND 10564,328,366)
(OPT_RND 9664,324,366)
(OPT_RND 7638,328,284)
(OPT_RND 7638,328,205)
(OPT_RND 6626,325,205)
(OPT_RND 6526,313,205)
(OPT_RND 6496,328,176)
(OPT_RND 6496,328,173)
(OPT_RND 6496,328,173)
(OPT_RND 6480,328,173)
(OPT_RND 6120,328,173)
(OPT_RND 6120,328,173)
(OPT_RND 6120,328,173)
(OPT_RND 5926,328,173)
(OPT_RND 5926,316,173)
(OPT_RND 5524,328,143)
(OPT_RND 5524,328,143)
(OPT_RND 5524,321,143)
(OPT_RND 5364,328,122)
(OPT_RND 4930,320,122)
(OPT_RND 4676,328,90)
(OPT_RND 4676,316,90)
(OPT_RND 4530,328,76)
(OPT_RND 4530,328,76)
(OPT_RND 4530,324,77)
(OPT_RND 4494,328,69)
(OPT_RND 4240,328,69)
(OPT_RND 4216,327,69)
(OPT_RND 4216,327,53)
(OPT_RND 4216,328,53)
(OPT_RND 4160,328,53)
(OPT_RND 4144,328,53)
(OPT_RND 4144,328,53)
(OPT_RND 4144,328,53)
(OPT_RND 4144,328,53)
(OPT_RND 4144,328,52)
(OPT_RND 4128,328,51)
(OPT_RND 4118,327,51)
(OPT_RND 4118,327,49)
(OPT_RND 4118,327,49)
(OPT_RND 4118,328,49)
(OPT_RND 4108,318,49)
(OPT_RND 4108,312,49)
(OPT_RND 4092,312,49)
(OPT_RND 4092,312,49)
(OPT_RND 4084,312,49)
(OPT_RND 4084,312,46)
(OPT_RND 4084,312,46)
(OPT_RND 4084,312,46)
(OPT_RND 4084,312,46)
(OPT_RND 3970,328,25)
(OPT_RND 3970,328,24)
(OPT_RND 3918,328,24)
(OPT_RND 3904,327,24)
(OPT_RND 3896,328,23)
(OPT_RND 3896,322,23)
(OPT_RND 3874,328,15)
(OPT_RND 3874,328,11)
(OPT_RND 3874,328,11)
(OPT_RND 3826,325,11)
(OPT_RND 3824,325,11)
(OPT_RND 3824,324,11)
(OPT_RND 3824,324,11)
(OPT_RND 3816,328,7)
(OPT_RND 3802,328,7)
(OPT_RND 3802,328,7)
(OPT_RND 3802,328,7)
(OPT_RND 3802,328,7)
(OPT_RND 3802,328,7)
(OPT_RND 3802,328,7)
(OPT_RND 3802,327,7)
(OPT_RND 3802,327,7)
(OPT_RND 3800,328,6)
(OPT_RND 3796,328,6)
(OPT_RND 3796,328,6)
(OPT_RND 3796,328,6)
(OPT_RND 3796,328,6)
(OPT_RND 3796,328,6)
(OPT_RND 3796,328,6)
(OPT_RND 3796,328,6)
(OPT_RND 3796,328,6)
(OPT_RND 3796,328,6)
(OPT_RND 3796,328,6)
(OPT_RND 3796,328,6)
(OPTIMIZER_RND_RUNTIME 683.536087036)
(OPT_RND 10820,328,412)
(OPT_RND 10710,328,347)
(OPT_RND 10710,328,334)
(OPT_RND 9662,310,334)
(OPT_RND 9662,290,334)
(OPT_RND 9632,290,334)
(OPT_RND 9632,290,334)
(OPT_RND 9632,289,334)
(OPT_RND 9628,289,334)
(OPT_RND 9628,289,334)
(OPT_RND 9526,328,272)
(OPT_RND 9526,327,272)
(OPT_RND 7460,328,198)
(OPT_RND 7460,328,198)
(OPT_RND 7460,328,198)
(OPT_RND 7460,328,198)
(OPT_RND 6710,322,198)
(OPT_RND 6156,328,185)
(OPT_RND 6156,324,185)
(OPT_RND 5844,317,185)
(OPT_RND 5820,317,185)
(OPT_RND 5820,316,185)
(OPT_RND 5820,316,185)
(OPT_RND 5820,316,185)
(OPT_RND 5354,328,162)
(OPT_RND 5156,325,162)
(OPT_RND 5088,328,159)
(OPT_RND 5088,328,128)
(OPT_RND 5078,328,128)
(OPT_RND 5008,327,128)
(OPT_RND 5008,327,128)
(OPT_RND 5008,308,128)
(OPT_RND 5008,308,127)
(OPT_RND 4686,328,101)
(OPT_RND 4686,328,101)
(OPT_RND 4686,318,101)
(OPT_RND 4562,328,89)
(OPT_RND 4562,324,89)
(OPT_RND 4228,321,89)
(OPT_RND 4228,321,80)
(OPT_RND 4228,319,80)
(OPT_RND 4228,319,78)
(OPT_RND 4228,319,78)
(OPT_RND 4168,319,78)
(OPT_RND 4168,319,78)
(OPT_RND 4168,319,78)
(OPT_RND 4158,319,78)
(OPT_RND 4158,319,78)
(OPT_RND 4158,319,78)
(OPT_RND 4158,319,78)
(OPT_RND 4158,319,78)
(OPT_RND 4158,319,78)
(OPT_RND 4158,319,78)
(OPT_RND 4038,328,56)
(OPT_RND 4038,325,56)
(OPT_RND 3938,318,56)
(OPT_RND 3938,318,55)
(OPT_RND 3936,318,55)
(OPT_RND 3936,318,55)
(OPT_RND 3936,317,55)
(OPT_RND 3936,317,55)
(OPT_RND 3936,317,55)
(OPT_RND 3868,328,38)
(OPT_RND 3868,323,38)
(OPT_RND 3868,323,37)
(OPT_RND 3868,323,37)
(OPT_RND 3840,328,28)
(OPT_RND 3760,326,28)
(OPT_RND 3756,327,26)
(OPT_RND 3752,327,26)
(OPT_RND 3752,327,26)
(OPT_RND 3752,324,26)
(OPT_RND 3748,324,26)
(OPT_RND 3730,328,22)
(OPT_RND 3730,328,19)
(OPT_RND 3706,328,19)
(OPT_RND 3706,328,19)
(OPT_RND 3706,328,19)
(OPT_RND 3706,328,19)
(OPT_RND 3706,328,19)
(OPT_RND 3706,328,19)
(OPT_RND 3706,328,19)
(OPT_RND 3706,328,19)
(OPT_RND 3706,328,19)
(OPTIMIZER_RND_RUNTIME 808.847403049)
(SAT 328,330,51,(328,inf),77.7281370163),
(OPT1 7152,328,297)
(OPT1 6494,328,297)
(OPT1 6494,294,297)
(OPT1 6466,249,297)
(OPT1 5054,328,154)
(OPT1 5054,328,154)
(OPT1 5054,328,121)
(OPT1 4436,321,121)
(OPT1 4436,295,121)
(OPT1 4386,281,121)
(OPT1 3946,328,57)
(OPT1 3946,328,57)
(OPT1 3946,328,44)
(OPT1 3662,326,44)
(OPT1 3662,316,44)
(OPT1 3630,309,44)
(OPT1 3528,328,22)
(OPT1 3528,328,22)
(OPT1 3528,328,21)
(OPT1 3434,325,21)
(OPT1 3434,322,21)
(OPT1 3432,317,21)
(OPT1 3404,328,10)
(OPT1 3404,328,10)
(OPT1 3404,328,10)
(OPT1 3384,328,10)
(OPT1 3384,326,10)
(OPT1 3384,323,10)
(OPT1 3374,328,5)
(OPT1 3374,328,5)
(OPT1 3374,328,5)
(OPT1 3358,328,5)
(OPT1 3358,328,5)
(OPT1 3352,328,5)
(OPT1 3352,328,5)
(OPT1 3352,328,5)
(OPT1 3352,328,5)
(OPT1 3348,328,5)
(OPT1 3348,328,5)
(OPT1 3348,328,5)
(OPT1 3348,328,5)
(OPT1 3348,328,5)
(OPT1 3348,328,5)
(OPT1 3348,328,5)
(OPT1 3348,328,5)
(OPT1 3348,328,5)
(OPT1 3348,328,5)
(OPT1 3348,328,5)
(OPTIMIZER_1_RUNTIME 299.99080205)
(OPT2 7152,328,297)
(OPT2 6994,328,248)
(OPT2 6994,328,248)
(OPT2 6226,328,248)
(OPT2 6226,315,248)
(OPT2 6196,272,248)
(OPT2 6196,272,210)
(OPT2 5074,328,115)
(OPT2 5074,328,115)
(OPT2 4336,323,115)
(OPT2 4336,301,115)
(OPT2 4274,291,115)
(OPT2 4274,291,96)
(OPT2 3962,328,42)
(OPT2 3962,328,42)
(OPT2 3694,325,42)
(OPT2 3694,316,42)
(OPT2 3660,308,42)
(OPT2 3660,308,37)
(OPT2 3556,328,10)
(OPT2 3556,328,10)
(OPT2 3456,326,10)
(OPT2 3456,320,10)
(OPT2 3456,317,10)
(OPT2 3456,317,10)
(OPT2 3436,327,0)
(OPT2 3436,327,0)
(OPT2 3408,327,0)
(OPT2 3408,327,0)
(OPT2 3392,325,0)
(OPT2 3392,325,0)
(OPT2 3392,325,0)
(OPT2 3392,325,0)
(OPT2 3388,325,0)
(OPT2 3388,325,0)
(OPT2 3388,325,0)
(OPT2 3388,325,0)
(OPT2 3388,325,0)
(OPT2 3388,325,0)
(OPT2 3388,325,0)
(OPT2 3388,325,0)
(OPT2 3388,325,0)
(OPTIMIZER_2_RUNTIME 298.587985039)
(OPT_RND 6968,328,285)
(OPT_RND 6968,328,285)
(OPT_RND 6968,328,193)
(OPT_RND 5898,287,193)
(OPT_RND 5868,286,193)
(OPT_RND 5866,286,193)
(OPT_RND 5866,286,193)
(OPT_RND 5866,286,193)
(OPT_RND 5764,326,140)
(OPT_RND 5764,303,140)
(OPT_RND 4958,328,96)
(OPT_RND 4958,328,90)
(OPT_RND 4958,328,90)
(OPT_RND 4958,328,90)
(OPT_RND 4958,313,90)
(OPT_RND 4452,312,90)
(OPT_RND 4452,312,89)
(OPT_RND 4424,312,89)
(OPT_RND 4424,312,89)
(OPT_RND 4424,312,89)
(OPT_RND 4424,312,89)
(OPT_RND 4424,312,89)
(OPT_RND 4424,312,89)
(OPT_RND 4284,328,66)
(OPT_RND 4152,313,66)
(OPT_RND 4152,313,63)
(OPT_RND 4146,306,63)
(OPT_RND 4146,306,63)
(OPT_RND 4146,306,63)
(OPT_RND 4146,297,63)
(OPT_RND 4132,298,63)
(OPT_RND 4132,298,63)
(OPT_RND 4128,298,63)
(OPT_RND 4128,298,63)
(OPT_RND 4128,298,63)
(OPT_RND 4128,298,63)
(OPT_RND 4128,298,63)
(OPT_RND 4128,298,63)
(OPT_RND 4128,298,63)
(OPT_RND 4128,298,63)
(OPT_RND 4128,298,63)
(OPT_RND 4128,298,63)
(OPTIMIZER_RND_RUNTIME 347.831250906)
(OPT_RND 7112,328,311)
(OPT_RND 6582,307,311)
(OPT_RND 5364,328,235)
(OPT_RND 5364,328,157)
(OPT_RND 4764,323,157)
(OPT_RND 4730,298,157)
(OPT_RND 4688,328,125)
(OPT_RND 4688,328,125)
(OPT_RND 4688,328,125)
(OPT_RND 4684,328,125)
(OPT_RND 4440,328,112)
(OPT_RND 4440,328,112)
(OPT_RND 4440,328,112)
(OPT_RND 4312,328,112)
(OPT_RND 4312,307,112)
(OPT_RND 4104,328,73)
(OPT_RND 4104,328,73)
(OPT_RND 4104,321,73)
(OPT_RND 4052,328,63)
(OPT_RND 3872,319,63)
(OPT_RND 3754,328,46)
(OPT_RND 3754,322,46)
(OPT_RND 3710,328,39)
(OPT_RND 3710,328,39)
(OPT_RND 3710,327,39)
(OPT_RND 3702,328,37)
(OPT_RND 3572,326,37)
(OPT_RND 3566,326,37)
(OPT_RND 3566,326,28)
(OPT_RND 3566,327,28)
(OPT_RND 3562,327,28)
(OPT_RND 3562,327,28)
(OPT_RND 3562,327,28)
(OPT_RND 3562,327,28)
(OPT_RND 3562,327,28)
(OPT_RND 3562,327,28)
(OPT_RND 3554,328,26)
(OPT_RND 3548,328,26)
(OPT_RND 3548,328,24)
(OPT_RND 3548,328,24)
(OPT_RND 3548,328,24)
(OPT_RND 3548,326,24)
(OPT_RND 3548,322,24)
(OPT_RND 3548,322,24)
(OPT_RND 3548,322,24)
(OPT_RND 3548,322,24)
(OPT_RND 3548,322,24)
(OPT_RND 3548,322,24)
(OPT_RND 3548,322,24)
(OPT_RND 3548,322,24)
(OPT_RND 3528,328,18)
(OPT_RND 3528,328,18)
(OPT_RND 3518,328,18)
(OPT_RND 3518,327,18)
(OPT_RND 3516,328,17)
(OPT_RND 3516,327,17)
(OPT_RND 3514,328,16)
(OPT_RND 3514,328,16)
(OPT_RND 3514,328,16)
(OPT_RND 3512,328,16)
(OPT_RND 3512,328,16)
(OPT_RND 3512,328,16)
(OPT_RND 3512,328,16)
(OPT_RND 3512,328,16)
(OPT_RND 3512,328,16)
(OPT_RND 3512,328,16)
(OPTIMIZER_RND_RUNTIME 416.060262203)
(OPT_RND 7152,328,297)
(OPT_RND 7148,328,275)
(OPT_RND 7148,328,273)
(OPT_RND 6462,287,273)
(OPT_RND 6462,269,273)
(OPT_RND 6448,269,273)
(OPT_RND 6448,269,273)
(OPT_RND 6448,269,273)
(OPT_RND 6442,269,273)
(OPT_RND 6442,269,273)
(OPT_RND 6356,328,244)
(OPT_RND 6356,328,244)
(OPT_RND 5296,328,145)
(OPT_RND 5296,328,145)
(OPT_RND 5296,328,145)
(OPT_RND 5296,328,145)
(OPT_RND 4890,317,145)
(OPT_RND 4420,328,120)
(OPT_RND 4420,314,120)
(OPT_RND 4158,305,120)
(OPT_RND 4150,305,120)
(OPT_RND 4150,305,120)
(OPT_RND 4150,305,120)
(OPT_RND 4150,305,120)
(OPT_RND 3898,328,92)
(OPT_RND 3760,328,92)
(OPT_RND 3740,328,86)
(OPT_RND 3740,328,66)
(OPT_RND 3730,328,66)
(OPT_RND 3708,324,66)
(OPT_RND 3708,324,66)
(OPT_RND 3708,314,66)
(OPT_RND 3708,314,66)
(OPT_RND 3636,328,45)
(OPT_RND 3636,328,45)
(OPT_RND 3636,326,45)
(OPT_RND 3614,328,40)
(OPT_RND 3614,327,40)
(OPT_RND 3536,327,40)
(OPT_RND 3536,327,39)
(OPT_RND 3536,327,39)
(OPT_RND 3536,327,39)
(OPT_RND 3536,327,39)
(OPT_RND 3532,327,39)
(OPT_RND 3532,327,39)
(OPT_RND 3532,327,39)
(OPT_RND 3532,327,39)
(OPT_RND 3532,327,39)
(OPT_RND 3532,327,39)
(OPT_RND 3532,327,39)
(OPT_RND 3532,327,39)
(OPT_RND 3532,327,39)
(OPT_RND 3532,327,39)
(OPT_RND 3522,328,36)
(OPT_RND 3522,328,36)
(OPT_RND 3518,325,36)
(OPT_RND 3518,325,36)
(OPT_RND 3514,325,36)
(OPT_RND 3514,325,36)
(OPT_RND 3514,323,36)
(OPT_RND 3514,323,36)
(OPT_RND 3514,323,36)
(OPT_RND 3502,328,30)
(OPT_RND 3502,328,30)
(OPT_RND 3502,328,30)
(OPT_RND 3502,328,30)
(OPT_RND 3502,328,30)
(OPT_RND 3488,327,30)
(OPT_RND 3488,327,30)
(OPT_RND 3488,327,30)
(OPT_RND 3488,327,30)
(OPT_RND 3488,327,30)
(OPT_RND 3488,328,30)
(OPT_RND 3484,328,29)
(OPT_RND 3484,328,29)
(OPT_RND 3484,328,29)
(OPT_RND 3484,328,29)
(OPT_RND 3484,328,29)
(OPT_RND 3484,328,29)
(OPT_RND 3484,328,29)
(OPT_RND 3484,328,29)
(OPT_RND 3484,328,29)
(OPT_RND 3484,328,29)
(OPT_RND 3484,328,29)
(OPTIMIZER_RND_RUNTIME 568.138883829)
(SAT 344,0,51,(inf,166),33.1168978214),
(OPT1 2658,344,0)
(OPT1 2658,344,0)
(OPT1 2658,310,0)
(OPT1 2654,299,0)
(OPT1 2654,299,0)
(OPT1 2654,299,0)
(OPT1 2654,299,0)
(OPT1 2654,299,0)
(OPT1 2654,299,0)
(OPT1 2648,299,0)
(OPT1 2648,299,0)
(OPT1 2648,299,0)
(OPT1 2648,299,0)
(OPT1 2648,299,0)
(OPT1 2648,299,0)
(OPT1 2648,299,0)
(OPT1 2648,299,0)
(OPT1 2648,299,0)
(OPTIMIZER_1_RUNTIME 54.4049379826)
(OPT2 2658,344,0)
(OPT2 2658,344,0)
(OPT2 2658,344,0)
(OPT2 2658,344,0)
(OPT2 2658,310,0)
(OPT2 2654,299,0)
(OPT2 2654,299,0)
(OPT2 2654,299,0)
(OPT2 2654,299,0)
(OPT2 2654,299,0)
(OPT2 2654,299,0)
(OPT2 2648,299,0)
(OPT2 2648,299,0)
(OPT2 2648,299,0)
(OPT2 2648,299,0)
(OPT2 2648,299,0)
(OPT2 2648,299,0)
(OPT2 2648,299,0)
(OPTIMIZER_2_RUNTIME 54.4481019974)
(OPT_RND 2658,344,0)
(OPT_RND 2658,344,0)
(OPT_RND 2658,344,0)
(OPT_RND 2658,305,0)
(OPT_RND 2658,305,0)
(OPT_RND 2658,305,0)
(OPT_RND 2658,305,0)
(OPT_RND 2658,305,0)
(OPT_RND 2658,305,0)
(OPT_RND 2658,297,0)
(OPT_RND 2658,297,0)
(OPT_RND 2658,297,0)
(OPT_RND 2658,297,0)
(OPT_RND 2658,297,0)
(OPT_RND 2658,297,0)
(OPT_RND 2656,297,0)
(OPT_RND 2656,297,0)
(OPT_RND 2654,297,0)
(OPT_RND 2654,297,0)
(OPT_RND 2654,297,0)
(OPT_RND 2654,297,0)
(OPT_RND 2654,297,0)
(OPT_RND 2654,297,0)
(OPT_RND 2654,297,0)
(OPTIMIZER_RND_RUNTIME 70.0760829449)
(OPT_RND 2658,344,0)
(OPT_RND 2658,305,0)
(OPT_RND 2658,305,0)
(OPT_RND 2658,305,0)
(OPT_RND 2658,305,0)
(OPT_RND 2658,305,0)
(OPT_RND 2658,305,0)
(OPT_RND 2658,305,0)
(OPT_RND 2658,305,0)
(OPT_RND 2658,305,0)
(OPT_RND 2658,305,0)
(OPT_RND 2658,305,0)
(OPTIMIZER_RND_RUNTIME 32.0235590935)
(OPT_RND 2658,344,0)
(OPT_RND 2658,344,0)
(OPT_RND 2658,344,0)
(OPT_RND 2658,305,0)
(OPT_RND 2658,298,0)
(OPT_RND 2654,298,0)
(OPT_RND 2654,298,0)
(OPT_RND 2654,297,0)
(OPT_RND 2654,297,0)
(OPT_RND 2654,297,0)
(OPT_RND 2654,297,0)
(OPT_RND 2654,297,0)
(OPT_RND 2654,297,0)
(OPT_RND 2654,297,0)
(OPT_RND 2654,297,0)
(OPT_RND 2654,297,0)
(OPT_RND 2654,297,0)
(OPT_RND 2654,297,0)
(OPTIMIZER_RND_RUNTIME 51.6543347836)
(SAT 344,0,51,(inf,166),33.7100548744),
(OPT1 2704,344,0)
(OPT1 2704,344,0)
(OPT1 2704,310,0)
(OPT1 2704,299,0)
(OPT1 2704,299,0)
(OPT1 2704,299,0)
(OPT1 2704,299,0)
(OPT1 2704,299,0)
(OPT1 2704,299,0)
(OPT1 2696,299,0)
(OPT1 2696,299,0)
(OPT1 2696,299,0)
(OPT1 2696,299,0)
(OPT1 2696,299,0)
(OPT1 2696,299,0)
(OPT1 2696,299,0)
(OPT1 2696,299,0)
(OPT1 2696,299,0)
(OPTIMIZER_1_RUNTIME 55.6833798885)
(OPT2 2704,344,0)
(OPT2 2704,344,0)
(OPT2 2704,344,0)
(OPT2 2704,344,0)
(OPT2 2704,310,0)
(OPT2 2704,299,0)
(OPT2 2704,299,0)
(OPT2 2704,299,0)
(OPT2 2704,299,0)
(OPT2 2704,299,0)
(OPT2 2704,299,0)
(OPT2 2696,299,0)
(OPT2 2696,299,0)
(OPT2 2696,299,0)
(OPT2 2696,299,0)
(OPT2 2696,299,0)
(OPT2 2696,299,0)
(OPT2 2696,299,0)
(OPTIMIZER_2_RUNTIME 55.7033910751)
(OPT_RND 2704,344,0)
(OPT_RND 2704,344,0)
(OPT_RND 2704,344,0)
(OPT_RND 2704,306,0)
(OPT_RND 2704,306,0)
(OPT_RND 2704,306,0)
(OPT_RND 2704,306,0)
(OPT_RND 2704,306,0)
(OPT_RND 2704,306,0)
(OPT_RND 2704,297,0)
(OPT_RND 2704,297,0)
(OPT_RND 2704,297,0)
(OPT_RND 2704,297,0)
(OPT_RND 2704,297,0)
(OPT_RND 2704,297,0)
(OPT_RND 2704,297,0)
(OPT_RND 2704,297,0)
(OPT_RND 2704,297,0)
(OPTIMIZER_RND_RUNTIME 53.8039348125)
(OPT_RND 2704,344,0)
(OPT_RND 2704,306,0)
(OPT_RND 2704,306,0)
(OPT_RND 2704,306,0)
(OPT_RND 2704,306,0)
(OPT_RND 2704,306,0)
(OPT_RND 2704,306,0)
(OPT_RND 2704,306,0)
(OPT_RND 2704,306,0)
(OPT_RND 2704,306,0)
(OPT_RND 2704,306,0)
(OPT_RND 2704,306,0)
(OPTIMIZER_RND_RUNTIME 32.8316209316)
(OPT_RND 2704,344,0)
(OPT_RND 2704,344,0)
(OPT_RND 2704,344,0)
(OPT_RND 2704,306,0)
(OPT_RND 2704,298,0)
(OPT_RND 2704,298,0)
(OPT_RND 2704,298,0)
(OPT_RND 2704,297,0)
(OPT_RND 2704,297,0)
(OPT_RND 2704,297,0)
(OPT_RND 2704,297,0)
(OPT_RND 2704,297,0)
(OPT_RND 2704,297,0)
(OPT_RND 2704,297,0)
(OPT_RND 2704,297,0)
(OPT_RND 2704,297,0)
(OPT_RND 2704,297,0)
(OPT_RND 2704,297,0)
(OPTIMIZER_RND_RUNTIME 40.7814540863)
(SAT 344,0,51,(inf,166),29.8703458309),
(OPT1 2646,344,0)
(OPT1 2646,344,0)
(OPT1 2646,310,0)
(OPT1 2646,301,0)
(OPT1 2646,301,0)
(OPT1 2646,301,0)
(OPT1 2646,301,0)
(OPT1 2646,301,0)
(OPT1 2646,301,0)
(OPT1 2636,301,0)
(OPT1 2636,301,0)
(OPT1 2636,301,0)
(OPT1 2636,301,0)
(OPT1 2636,301,0)
(OPT1 2636,301,0)
(OPT1 2636,301,0)
(OPT1 2636,301,0)
(OPT1 2636,301,0)
(OPTIMIZER_1_RUNTIME 53.9417829514)
(OPT2 2646,344,0)
(OPT2 2646,344,0)
(OPT2 2646,344,0)
(OPT2 2646,344,0)
(OPT2 2646,310,0)
(OPT2 2646,301,0)
(OPT2 2646,301,0)
(OPT2 2646,301,0)
(OPT2 2646,301,0)
(OPT2 2646,301,0)
(OPT2 2646,301,0)
(OPT2 2636,301,0)
(OPT2 2636,301,0)
(OPT2 2636,301,0)
(OPT2 2636,301,0)
(OPT2 2636,301,0)
(OPT2 2636,301,0)
(OPT2 2636,301,0)
(OPTIMIZER_2_RUNTIME 53.9792149067)
(OPT_RND 2646,344,0)
(OPT_RND 2646,344,0)
(OPT_RND 2646,344,0)
(OPT_RND 2646,306,0)
(OPT_RND 2646,306,0)
(OPT_RND 2646,306,0)
(OPT_RND 2646,306,0)
(OPT_RND 2646,306,0)
(OPT_RND 2646,306,0)
(OPT_RND 2646,297,0)
(OPT_RND 2646,297,0)
(OPT_RND 2646,297,0)
(OPT_RND 2646,297,0)
(OPT_RND 2646,297,0)
(OPT_RND 2646,297,0)
(OPT_RND 2646,297,0)
(OPT_RND 2646,297,0)
(OPT_RND 2646,297,0)
(OPTIMIZER_RND_RUNTIME 53.0265541077)
(OPT_RND 2646,344,0)
(OPT_RND 2646,306,0)
(OPT_RND 2646,306,0)
(OPT_RND 2646,306,0)
(OPT_RND 2646,306,0)
(OPT_RND 2646,306,0)
(OPT_RND 2646,306,0)
(OPT_RND 2646,306,0)
(OPT_RND 2646,306,0)
(OPT_RND 2646,306,0)
(OPT_RND 2646,306,0)
(OPT_RND 2646,306,0)
(OPTIMIZER_RND_RUNTIME 32.0613529682)
(OPT_RND 2646,344,0)
(OPT_RND 2646,344,0)
(OPT_RND 2646,344,0)
(OPT_RND 2646,306,0)
(OPT_RND 2646,298,0)
(OPT_RND 2646,298,0)
(OPT_RND 2646,298,0)
(OPT_RND 2646,297,0)
(OPT_RND 2646,297,0)
(OPT_RND 2646,297,0)
(OPT_RND 2646,297,0)
(OPT_RND 2646,297,0)
(OPT_RND 2646,297,0)
(OPT_RND 2646,297,0)
(OPT_RND 2646,297,0)
(OPT_RND 2646,297,0)
(OPT_RND 2646,297,0)
(OPT_RND 2646,297,0)
(OPTIMIZER_RND_RUNTIME 50.6085848808)
(SAT 339,21,51,(339,166),33.2008647919),
(OPT1 3198,339,21)
(OPT1 3176,339,21)
(OPT1 3176,301,21)
(OPT1 3164,289,21)
(OPT1 3070,290,0)
(OPT1 3070,290,0)
(OPT1 3070,290,0)
(OPT1 2996,290,0)
(OPT1 2996,290,0)
(OPT1 2974,290,0)
(OPT1 2974,290,0)
(OPT1 2974,290,0)
(OPT1 2974,290,0)
(OPT1 2974,290,0)
(OPT1 2974,290,0)
(OPT1 2970,290,0)
(OPT1 2970,290,0)
(OPT1 2970,290,0)
(OPT1 2970,290,0)
(OPT1 2970,290,0)
(OPT1 2970,290,0)
(OPT1 2964,290,0)
(OPT1 2964,290,0)
(OPT1 2964,290,0)
(OPT1 2964,290,0)
(OPT1 2964,290,0)
(OPT1 2964,290,0)
(OPT1 2964,290,0)
(OPT1 2964,290,0)
(OPT1 2964,290,0)
(OPTIMIZER_1_RUNTIME 104.051726103)
(OPT2 3198,339,21)
(OPT2 3132,339,13)
(OPT2 3132,339,13)
(OPT2 3060,339,13)
(OPT2 3060,301,13)
(OPT2 3034,290,13)
(OPT2 3034,290,13)
(OPT2 3006,290,0)
(OPT2 3006,290,0)
(OPT2 2982,290,0)
(OPT2 2982,290,0)
(OPT2 2968,290,0)
(OPT2 2968,290,0)
(OPT2 2968,290,0)
(OPT2 2968,290,0)
(OPT2 2966,290,0)
(OPT2 2966,290,0)
(OPT2 2966,290,0)
(OPT2 2966,290,0)
(OPT2 2966,290,0)
(OPT2 2966,290,0)
(OPT2 2966,290,0)
(OPT2 2966,290,0)
(OPT2 2966,290,0)
(OPTIMIZER_2_RUNTIME 71.8260610104)
(OPT_RND 3132,339,13)
(OPT_RND 3132,339,13)
(OPT_RND 3132,339,6)
(OPT_RND 3046,297,6)
(OPT_RND 3046,297,6)
(OPT_RND 3046,297,6)
(OPT_RND 3046,297,6)
(OPT_RND 3046,297,6)
(OPT_RND 3046,297,6)
(OPT_RND 3046,287,6)
(OPT_RND 3032,287,0)
(OPT_RND 3032,287,0)
(OPT_RND 3032,287,0)
(OPT_RND 3032,287,0)
(OPT_RND 3032,287,0)
(OPT_RND 2990,287,0)
(OPT_RND 2990,287,0)
(OPT_RND 2990,287,0)
(OPT_RND 2990,287,0)
(OPT_RND 2990,287,0)
(OPT_RND 2990,287,0)
(OPT_RND 2990,287,0)
(OPT_RND 2990,287,0)
(OPT_RND 2990,287,0)
(OPTIMIZER_RND_RUNTIME 80.8167340755)
(OPT_RND 3196,339,21)
(OPT_RND 3174,297,21)
(OPT_RND 3082,298,0)
(OPT_RND 3082,298,0)
(OPT_RND 3008,297,0)
(OPT_RND 3004,297,0)
(OPT_RND 3004,297,0)
(OPT_RND 3004,297,0)
(OPT_RND 3004,297,0)
(OPT_RND 3004,297,0)
(OPT_RND 3004,297,0)
(OPT_RND 3004,297,0)
(OPTIMIZER_RND_RUNTIME 40.579324007)
(OPT_RND 3198,339,21)
(OPT_RND 3196,339,21)
(OPT_RND 3196,339,21)
(OPT_RND 3174,297,21)
(OPT_RND 3174,287,21)
(OPT_RND 3166,287,21)
(OPT_RND 3166,287,21)
(OPT_RND 3166,286,21)
(OPT_RND 3158,286,21)
(OPT_RND 3158,286,21)
(OPT_RND 3158,286,20)
(OPT_RND 3158,286,20)
(OPT_RND 3066,287,0)
(OPT_RND 3066,287,0)
(OPT_RND 3066,287,0)
(OPT_RND 3066,287,0)
(OPT_RND 2986,287,0)
(OPT_RND 2986,287,0)
(OPT_RND 2986,287,0)
(OPT_RND 2982,287,0)
(OPT_RND 2982,287,0)
(OPT_RND 2982,287,0)
(OPT_RND 2982,287,0)
(OPT_RND 2982,287,0)
(OPT_RND 2982,287,0)
(OPT_RND 2982,287,0)
(OPT_RND 2982,287,0)
(OPT_RND 2982,287,0)
(OPT_RND 2982,287,0)
(OPT_RND 2982,287,0)
(OPTIMIZER_RND_RUNTIME 105.259634018)
(SAT 337,0,51,(339,166),34.8281779289),
(OPT1 2706,337,0)
(OPT1 2706,337,0)
(OPT1 2706,306,0)
(OPT1 2706,298,0)
(OPT1 2706,298,0)
(OPT1 2706,298,0)
(OPT1 2706,298,0)
(OPT1 2706,298,0)
(OPT1 2706,298,0)
(OPT1 2702,298,0)
(OPT1 2702,298,0)
(OPT1 2702,298,0)
(OPT1 2702,298,0)
(OPT1 2702,298,0)
(OPT1 2702,298,0)
(OPT1 2702,298,0)
(OPT1 2702,298,0)
(OPT1 2702,298,0)
(OPTIMIZER_1_RUNTIME 56.3270530701)
(OPT2 2706,337,0)
(OPT2 2706,337,0)
(OPT2 2706,337,0)
(OPT2 2706,337,0)
(OPT2 2706,306,0)
(OPT2 2706,298,0)
(OPT2 2706,298,0)
(OPT2 2706,298,0)
(OPT2 2706,298,0)
(OPT2 2706,298,0)
(OPT2 2706,298,0)
(OPT2 2702,298,0)
(OPT2 2702,298,0)
(OPT2 2702,298,0)
(OPT2 2702,298,0)
(OPT2 2702,298,0)
(OPT2 2702,298,0)
(OPT2 2702,298,0)
(OPTIMIZER_2_RUNTIME 55.3963470459)
(OPT_RND 2706,337,0)
(OPT_RND 2706,337,0)
(OPT_RND 2706,337,0)
(OPT_RND 2706,306,0)
(OPT_RND 2706,306,0)
(OPT_RND 2706,306,0)
(OPT_RND 2706,306,0)
(OPT_RND 2706,306,0)
(OPT_RND 2706,306,0)
(OPT_RND 2706,295,0)
(OPT_RND 2706,295,0)
(OPT_RND 2706,295,0)
(OPT_RND 2706,295,0)
(OPT_RND 2706,295,0)
(OPT_RND 2706,295,0)
(OPT_RND 2702,295,0)
(OPT_RND 2702,295,0)
(OPT_RND 2702,295,0)
(OPT_RND 2702,295,0)
(OPT_RND 2702,295,0)
(OPT_RND 2702,295,0)
(OPT_RND 2702,295,0)
(OPT_RND 2702,295,0)
(OPT_RND 2702,295,0)
(OPTIMIZER_RND_RUNTIME 69.7702338696)
(OPT_RND 2706,337,0)
(OPT_RND 2706,306,0)
(OPT_RND 2706,306,0)
(OPT_RND 2706,306,0)
(OPT_RND 2706,306,0)
(OPT_RND 2706,306,0)
(OPT_RND 2706,306,0)
(OPT_RND 2706,306,0)
(OPT_RND 2706,306,0)
(OPT_RND 2706,306,0)
(OPT_RND 2706,306,0)
(OPT_RND 2706,306,0)
(OPTIMIZER_RND_RUNTIME 32.1157689095)
(OPT_RND 2706,337,0)
(OPT_RND 2706,337,0)
(OPT_RND 2706,337,0)
(OPT_RND 2706,306,0)
(OPT_RND 2706,297,0)
(OPT_RND 2706,297,0)
(OPT_RND 2706,297,0)
(OPT_RND 2706,295,0)
(OPT_RND 2702,295,0)
(OPT_RND 2702,295,0)
(OPT_RND 2702,295,0)
(OPT_RND 2702,295,0)
(OPT_RND 2702,295,0)
(OPT_RND 2702,295,0)
(OPT_RND 2702,295,0)
(OPT_RND 2702,295,0)
(OPT_RND 2702,295,0)
(OPT_RND 2702,295,0)
(OPTIMIZER_RND_RUNTIME 51.7776660919)
(SAT 352,1,51,(inf,83),33.5201129913),
(OPT1 2712,352,1)
(OPT1 2712,352,1)
(OPT1 2712,318,1)
(OPT1 2708,300,1)
(OPT1 2706,300,0)
(OPT1 2706,300,0)
(OPT1 2706,300,0)
(OPT1 2706,300,0)
(OPT1 2706,300,0)
(OPT1 2700,300,0)
(OPT1 2700,300,0)
(OPT1 2700,300,0)
(OPT1 2700,300,0)
(OPT1 2700,300,0)
(OPT1 2700,300,0)
(OPT1 2694,300,0)
(OPT1 2694,300,0)
(OPT1 2694,300,0)
(OPT1 2694,300,0)
(OPT1 2694,300,0)
(OPT1 2694,300,0)
(OPT1 2694,300,0)
(OPT1 2694,300,0)
(OPT1 2694,300,0)
(OPTIMIZER_1_RUNTIME 71.9992489815)
(OPT2 2712,352,1)
(OPT2 2710,352,0)
(OPT2 2710,352,0)
(OPT2 2710,352,0)
(OPT2 2710,318,0)
(OPT2 2706,300,0)
(OPT2 2706,300,0)
(OPT2 2706,300,0)
(OPT2 2706,300,0)
(OPT2 2706,300,0)
(OPT2 2706,300,0)
(OPT2 2700,300,0)
(OPT2 2700,300,0)
(OPT2 2700,300,0)
(OPT2 2700,300,0)
(OPT2 2700,300,0)
(OPT2 2700,300,0)
(OPT2 2694,300,0)
(OPT2 2694,300,0)
(OPT2 2694,300,0)
(OPT2 2694,300,0)
(OPT2 2694,300,0)
(OPT2 2694,300,0)
(OPT2 2694,300,0)
(OPTIMIZER_2_RUNTIME 72.2084541321)
(OPT_RND 2710,352,0)
(OPT_RND 2710,352,0)
(OPT_RND 2710,352,0)
(OPT_RND 2710,309,0)
(OPT_RND 2710,309,0)
(OPT_RND 2710,309,0)
(OPT_RND 2710,309,0)
(OPT_RND 2710,309,0)
(OPT_RND 2710,309,0)
(OPT_RND 2710,300,0)
(OPT_RND 2710,300,0)
(OPT_RND 2710,300,0)
(OPT_RND 2710,300,0)
(OPT_RND 2710,300,0)
(OPT_RND 2710,300,0)
(OPT_RND 2708,300,0)
(OPT_RND 2708,300,0)
(OPT_RND 2706,300,0)
(OPT_RND 2706,300,0)
(OPT_RND 2706,300,0)
(OPT_RND 2706,300,0)
(OPT_RND 2706,300,0)
(OPT_RND 2706,300,0)
(OPT_RND 2706,300,0)
(OPTIMIZER_RND_RUNTIME 70.5955729485)
(OPT_RND 2712,352,1)
(OPT_RND 2712,309,1)
(OPT_RND 2710,309,0)
(OPT_RND 2710,309,0)
(OPT_RND 2710,309,0)
(OPT_RND 2710,309,0)
(OPT_RND 2710,309,0)
(OPT_RND 2710,309,0)
(OPT_RND 2710,309,0)
(OPT_RND 2710,309,0)
(OPT_RND 2710,309,0)
(OPT_RND 2710,309,0)
(OPTIMIZER_RND_RUNTIME 33.1025660038)
(OPT_RND 2712,352,1)
(OPT_RND 2712,352,1)
(OPT_RND 2712,352,1)
(OPT_RND 2712,309,1)
(OPT_RND 2712,300,1)
(OPT_RND 2708,300,1)
(OPT_RND 2708,300,1)
(OPT_RND 2708,300,1)
(OPT_RND 2708,300,1)
(OPT_RND 2708,300,1)
(OPT_RND 2708,300,1)
(OPT_RND 2708,300,1)
(OPTIMIZER_RND_RUNTIME 37.5624570847)
(SAT 344,0,51,(inf,83),32.0478210449),
(OPT1 2724,344,0)
(OPT1 2724,344,0)
(OPT1 2724,310,0)
(OPT1 2724,299,0)
(OPT1 2724,299,0)
(OPT1 2724,299,0)
(OPT1 2724,299,0)
(OPT1 2724,299,0)
(OPT1 2724,299,0)
(OPT1 2718,299,0)
(OPT1 2718,299,0)
(OPT1 2718,299,0)
(OPT1 2718,299,0)
(OPT1 2718,299,0)
(OPT1 2718,299,0)
(OPT1 2718,299,0)
(OPT1 2718,299,0)
(OPT1 2718,299,0)
(OPTIMIZER_1_RUNTIME 54.6241130829)
(OPT2 2724,344,0)
(OPT2 2724,344,0)
(OPT2 2724,344,0)
(OPT2 2724,344,0)
(OPT2 2724,310,0)
(OPT2 2724,299,0)
(OPT2 2724,299,0)
(OPT2 2724,299,0)
(OPT2 2724,299,0)
(OPT2 2724,299,0)
(OPT2 2724,299,0)
(OPT2 2718,299,0)
(OPT2 2718,299,0)
(OPT2 2718,299,0)
(OPT2 2718,299,0)
(OPT2 2718,299,0)
(OPT2 2718,299,0)
(OPT2 2718,299,0)
(OPTIMIZER_2_RUNTIME 55.0151898861)
(OPT_RND 2724,344,0)
(OPT_RND 2724,344,0)
(OPT_RND 2724,344,0)
(OPT_RND 2724,304,0)
(OPT_RND 2724,304,0)
(OPT_RND 2724,304,0)
(OPT_RND 2724,304,0)
(OPT_RND 2724,304,0)
(OPT_RND 2724,304,0)
(OPT_RND 2724,298,0)
(OPT_RND 2724,298,0)
(OPT_RND 2724,298,0)
(OPT_RND 2724,298,0)
(OPT_RND 2724,298,0)
(OPT_RND 2724,298,0)
(OPT_RND 2724,298,0)
(OPT_RND 2724,298,0)
(OPT_RND 2724,298,0)
(OPTIMIZER_RND_RUNTIME 53.5611610413)
(OPT_RND 2724,344,0)
(OPT_RND 2724,304,0)
(OPT_RND 2724,304,0)
(OPT_RND 2724,304,0)
(OPT_RND 2724,304,0)
(OPT_RND 2724,304,0)
(OPT_RND 2724,304,0)
(OPT_RND 2724,304,0)
(OPT_RND 2724,304,0)
(OPT_RND 2724,304,0)
(OPT_RND 2724,304,0)
(OPT_RND 2724,304,0)
(OPTIMIZER_RND_RUNTIME 32.7379159927)
(OPT_RND 2724,344,0)
(OPT_RND 2724,344,0)
(OPT_RND 2724,344,0)
(OPT_RND 2724,304,0)
(OPT_RND 2724,299,0)
(OPT_RND 2724,299,0)
(OPT_RND 2724,299,0)
(OPT_RND 2724,298,0)
(OPT_RND 2724,298,0)
(OPT_RND 2724,298,0)
(OPT_RND 2724,298,0)
(OPT_RND 2724,298,0)
(OPT_RND 2724,298,0)
(OPT_RND 2724,298,0)
(OPT_RND 2724,298,0)
(OPT_RND 2724,298,0)
(OPT_RND 2724,298,0)
(OPT_RND 2724,298,0)
(OPTIMIZER_RND_RUNTIME 53.6245038509)
(SAT 344,0,51,(inf,83),34.1782419682),
(OPT1 2670,344,0)
(OPT1 2670,344,0)
(OPT1 2670,310,0)
(OPT1 2662,299,0)
(OPT1 2662,299,0)
(OPT1 2662,299,0)
(OPT1 2662,299,0)
(OPT1 2662,299,0)
(OPT1 2662,299,0)
(OPT1 2660,299,0)
(OPT1 2660,299,0)
(OPT1 2660,299,0)
(OPT1 2660,299,0)
(OPT1 2660,299,0)
(OPT1 2660,299,0)
(OPT1 2660,299,0)
(OPT1 2660,299,0)
(OPT1 2660,299,0)
(OPTIMIZER_1_RUNTIME 54.9892840385)
(OPT2 2670,344,0)
(OPT2 2670,344,0)
(OPT2 2670,344,0)
(OPT2 2670,344,0)
(OPT2 2670,310,0)
(OPT2 2662,299,0)
(OPT2 2662,299,0)
(OPT2 2662,299,0)
(OPT2 2662,299,0)
(OPT2 2662,299,0)
(OPT2 2662,299,0)
(OPT2 2660,299,0)
(OPT2 2660,299,0)
(OPT2 2660,299,0)
(OPT2 2660,299,0)
(OPT2 2660,299,0)
(OPT2 2660,299,0)
(OPT2 2660,299,0)
(OPTIMIZER_2_RUNTIME 55.2997989655)
(OPT_RND 2670,344,0)
(OPT_RND 2670,344,0)
(OPT_RND 2670,344,0)
(OPT_RND 2670,306,0)
(OPT_RND 2670,306,0)
(OPT_RND 2670,306,0)
(OPT_RND 2670,306,0)
(OPT_RND 2670,306,0)
(OPT_RND 2670,306,0)
(OPT_RND 2670,296,0)
(OPT_RND 2670,296,0)
(OPT_RND 2670,296,0)
(OPT_RND 2670,296,0)
(OPT_RND 2670,296,0)
(OPT_RND 2670,296,0)
(OPT_RND 2666,296,0)
(OPT_RND 2666,296,0)
(OPT_RND 2666,296,0)
(OPT_RND 2666,296,0)
(OPT_RND 2666,296,0)
(OPT_RND 2666,296,0)
(OPT_RND 2666,296,0)
(OPT_RND 2666,296,0)
(OPT_RND 2666,296,0)
(OPTIMIZER_RND_RUNTIME 70.3071889877)
(OPT_RND 2670,344,0)
(OPT_RND 2670,306,0)
(OPT_RND 2670,306,0)
(OPT_RND 2670,306,0)
(OPT_RND 2670,306,0)
(OPT_RND 2670,306,0)
(OPT_RND 2670,306,0)
(OPT_RND 2670,306,0)
(OPT_RND 2670,306,0)
(OPT_RND 2670,306,0)
(OPT_RND 2670,306,0)
(OPT_RND 2670,306,0)
(OPTIMIZER_RND_RUNTIME 32.7039759159)
(OPT_RND 2670,344,0)
(OPT_RND 2670,344,0)
(OPT_RND 2670,344,0)
(OPT_RND 2670,306,0)
(OPT_RND 2670,297,0)
(OPT_RND 2670,297,0)
(OPT_RND 2670,297,0)
(OPT_RND 2670,296,0)
(OPT_RND 2666,296,0)
(OPT_RND 2666,296,0)
(OPT_RND 2666,296,0)
(OPT_RND 2666,296,0)
(OPT_RND 2666,296,0)
(OPT_RND 2666,296,0)
(OPT_RND 2666,296,0)
(OPT_RND 2666,296,0)
(OPT_RND 2666,296,0)
(OPT_RND 2666,296,0)
(OPTIMIZER_RND_RUNTIME 51.855246067)
(SAT 339,28,51,(339,83),35.1534399986),
(OPT1 3206,339,28)
(OPT1 3170,339,28)
(OPT1 3170,302,28)
(OPT1 3162,290,28)
(OPT1 3064,291,0)
(OPT1 3064,291,0)
(OPT1 3064,291,0)
(OPT1 2988,291,0)
(OPT1 2988,290,0)
(OPT1 2976,290,0)
(OPT1 2976,290,0)
(OPT1 2976,290,0)
(OPT1 2976,290,0)
(OPT1 2976,290,0)
(OPT1 2976,290,0)
(OPT1 2974,290,0)
(OPT1 2974,290,0)
(OPT1 2974,290,0)
(OPT1 2974,290,0)
(OPT1 2974,290,0)
(OPT1 2974,290,0)
(OPT1 2974,290,0)
(OPT1 2974,290,0)
(OPT1 2974,290,0)
(OPTIMIZER_1_RUNTIME 83.9214220047)
(OPT2 3206,339,28)
(OPT2 3134,339,12)
(OPT2 3134,339,12)
(OPT2 3038,339,12)
(OPT2 3038,303,12)
(OPT2 3028,291,12)
(OPT2 3028,291,12)
(OPT2 3002,291,0)
(OPT2 3002,291,0)
(OPT2 2986,291,0)
(OPT2 2986,290,0)
(OPT2 2976,290,0)
(OPT2 2976,290,0)
(OPT2 2976,290,0)
(OPT2 2976,290,0)
(OPT2 2976,290,0)
(OPT2 2976,290,0)
(OPT2 2974,290,0)
(OPT2 2974,290,0)
(OPT2 2974,290,0)
(OPT2 2974,290,0)
(OPT2 2974,290,0)
(OPT2 2974,290,0)
(OPT2 2974,290,0)
(OPTIMIZER_2_RUNTIME 84.5432701111)
(OPT_RND 3130,339,12)
(OPT_RND 3130,339,12)
(OPT_RND 3130,339,6)
(OPT_RND 3034,297,6)
(OPT_RND 3034,297,6)
(OPT_RND 3034,297,6)
(OPT_RND 3034,297,6)
(OPT_RND 3034,297,6)
(OPT_RND 3034,297,5)
(OPT_RND 3034,290,5)
(OPT_RND 3020,290,0)
(OPT_RND 3020,290,0)
(OPT_RND 3020,290,0)
(OPT_RND 3020,290,0)
(OPT_RND 3020,289,0)
(OPT_RND 3004,289,0)
(OPT_RND 3004,289,0)
(OPT_RND 2994,289,0)
(OPT_RND 2994,289,0)
(OPT_RND 2994,289,0)
(OPT_RND 2994,289,0)
(OPT_RND 2994,289,0)
(OPT_RND 2994,289,0)
(OPT_RND 2994,289,0)
(OPTIMIZER_RND_RUNTIME 83.6080489159)
(OPT_RND 3202,339,28)
(OPT_RND 3168,297,28)
(OPT_RND 3070,297,0)
(OPT_RND 3070,297,0)
(OPT_RND 2994,297,0)
(OPT_RND 2990,297,0)
(OPT_RND 2990,297,0)
(OPT_RND 2990,297,0)
(OPT_RND 2990,297,0)
(OPT_RND 2990,297,0)
(OPT_RND 2990,297,0)
(OPT_RND 2990,297,0)
(OPTIMIZER_RND_RUNTIME 40.2575509548)
(OPT_RND 3206,339,28)
(OPT_RND 3206,339,28)
(OPT_RND 3206,339,28)
(OPT_RND 3168,297,28)
(OPT_RND 3168,289,28)
(OPT_RND 3164,289,28)
(OPT_RND 3164,289,28)
(OPT_RND 3164,288,28)
(OPT_RND 3156,288,28)
(OPT_RND 3148,288,28)
(OPT_RND 3148,288,28)
(OPT_RND 3148,288,28)
(OPT_RND 3050,289,0)
(OPT_RND 3050,289,0)
(OPT_RND 3050,289,0)
(OPT_RND 3050,289,0)
(OPT_RND 2970,289,0)
(OPT_RND 2970,289,0)
(OPT_RND 2970,289,0)
(OPT_RND 2970,289,0)
(OPT_RND 2970,289,0)
(OPT_RND 2970,289,0)
(OPT_RND 2970,289,0)
(OPT_RND 2970,289,0)
(OPTIMIZER_RND_RUNTIME 86.3450419903)
(SAT 339,35,51,(339,83),33.9772119522),
(OPT1 3504,339,35)
(OPT1 3460,339,35)
(OPT1 3460,303,35)
(OPT1 3458,289,35)
(OPT1 3308,290,0)
(OPT1 3308,290,0)
(OPT1 3308,290,0)
(OPT1 3200,290,0)
(OPT1 3200,289,0)
(OPT1 3180,289,0)
(OPT1 3180,289,0)
(OPT1 3180,289,0)
(OPT1 3180,289,0)
(OPT1 3180,289,0)
(OPT1 3180,289,0)
(OPT1 3180,289,0)
(OPT1 3180,289,0)
(OPT1 3180,289,0)
(OPTIMIZER_1_RUNTIME 70.7983291149)
(OPT2 3504,339,35)
(OPT2 3432,339,27)
(OPT2 3432,339,27)
(OPT2 3328,339,27)
(OPT2 3328,304,27)
(OPT2 3310,290,27)
(OPT2 3310,290,25)
(OPT2 3240,290,0)
(OPT2 3240,290,0)
(OPT2 3186,290,0)
(OPT2 3186,289,0)
(OPT2 3174,289,0)
(OPT2 3174,289,0)
(OPT2 3174,289,0)
(OPT2 3174,289,0)
(OPT2 3174,289,0)
(OPT2 3174,289,0)
(OPT2 3174,289,0)
(OPTIMIZER_2_RUNTIME 72.1629450321)
(OPT_RND 3432,339,27)
(OPT_RND 3432,339,27)
(OPT_RND 3432,339,23)
(OPT_RND 3314,303,23)
(OPT_RND 3314,303,23)
(OPT_RND 3314,303,23)
(OPT_RND 3314,303,23)
(OPT_RND 3314,303,23)
(OPT_RND 3312,303,16)
(OPT_RND 3312,288,16)
(OPT_RND 3258,288,0)
(OPT_RND 3258,288,0)
(OPT_RND 3258,288,0)
(OPT_RND 3258,288,0)
(OPT_RND 3258,287,0)
(OPT_RND 3208,287,0)
(OPT_RND 3208,287,0)
(OPT_RND 3208,287,0)
(OPT_RND 3208,287,0)
(OPT_RND 3208,287,0)
(OPT_RND 3208,287,0)
(OPT_RND 3208,287,0)
(OPT_RND 3208,287,0)
(OPT_RND 3208,287,0)
(OPTIMIZER_RND_RUNTIME 91.7877440453)
(OPT_RND 3504,339,35)
(OPT_RND 3460,303,35)
(OPT_RND 3310,303,0)
(OPT_RND 3310,303,0)
(OPT_RND 3202,303,0)
(OPT_RND 3198,303,0)
(OPT_RND 3198,303,0)
(OPT_RND 3198,303,0)
(OPT_RND 3198,303,0)
(OPT_RND 3198,303,0)
(OPT_RND 3198,303,0)
(OPT_RND 3198,303,0)
(OPTIMIZER_RND_RUNTIME 44.6312139034)
(OPT_RND 3504,339,35)
(OPT_RND 3504,339,35)
(OPT_RND 3504,339,35)
(OPT_RND 3456,303,35)
(OPT_RND 3456,287,35)
(OPT_RND 3456,287,35)
(OPT_RND 3456,287,35)
(OPT_RND 3456,286,35)
(OPT_RND 3454,286,35)
(OPT_RND 3454,286,35)
(OPT_RND 3454,286,34)
(OPT_RND 3454,286,34)
(OPT_RND 3306,287,0)
(OPT_RND 3306,287,0)
(OPT_RND 3306,287,0)
(OPT_RND 3306,287,0)
(OPT_RND 3196,287,0)
(OPT_RND 3196,287,0)
(OPT_RND 3196,287,0)
(OPT_RND 3192,287,0)
(OPT_RND 3188,287,0)
(OPT_RND 3188,287,0)
(OPT_RND 3188,287,0)
(OPT_RND 3188,287,0)
(OPT_RND 3188,287,0)
(OPT_RND 3188,287,0)
(OPT_RND 3188,287,0)
(OPT_RND 3188,287,0)
(OPT_RND 3188,287,0)
(OPT_RND 3188,287,0)
(OPTIMIZER_RND_RUNTIME 113.760457993)
(SAT 339,12,51,(339,83),33.8028030396),
(OPT1 3138,339,12)
(OPT1 3114,339,12)
(OPT1 3114,302,12)
(OPT1 3098,290,12)
(OPT1 3032,291,0)
(OPT1 3032,291,0)
(OPT1 3032,291,0)
(OPT1 2992,291,0)
(OPT1 2992,290,0)
(OPT1 2988,290,0)
(OPT1 2988,290,0)
(OPT1 2988,290,0)
(OPT1 2988,290,0)
(OPT1 2988,290,0)
(OPT1 2988,290,0)
(OPT1 2988,290,0)
(OPT1 2988,290,0)
(OPT1 2988,290,0)
(OPTIMIZER_1_RUNTIME 64.702286005)
(OPT2 3138,339,12)
(OPT2 3076,339,1)
(OPT2 3076,339,1)
(OPT2 3012,339,1)
(OPT2 3012,303,1)
(OPT2 2992,291,1)
(OPT2 2992,291,1)
(OPT2 2988,291,0)
(OPT2 2988,291,0)
(OPT2 2988,291,0)
(OPT2 2988,290,0)
(OPT2 2988,290,0)
(OPT2 2988,290,0)
(OPT2 2988,290,0)
(OPT2 2988,290,0)
(OPT2 2988,290,0)
(OPT2 2988,290,0)
(OPT2 2988,290,0)
(OPTIMIZER_2_RUNTIME 65.0795171261)
(OPT_RND 3076,339,1)
(OPT_RND 3076,339,1)
(OPT_RND 3076,339,1)
(OPT_RND 3006,298,1)
(OPT_RND 3006,298,1)
(OPT_RND 3006,298,1)
(OPT_RND 3006,298,1)
(OPT_RND 3006,298,1)
(OPT_RND 3006,298,1)
(OPT_RND 3006,290,1)
(OPT_RND 3002,290,0)
(OPT_RND 3002,290,0)
(OPT_RND 3002,290,0)
(OPT_RND 3002,290,0)
(OPT_RND 3002,289,0)
(OPT_RND 2994,289,0)
(OPT_RND 2994,289,0)
(OPT_RND 2988,289,0)
(OPT_RND 2988,289,0)
(OPT_RND 2988,289,0)
(OPT_RND 2988,289,0)
(OPT_RND 2988,289,0)
(OPT_RND 2988,289,0)
(OPT_RND 2988,289,0)
(OPTIMIZER_RND_RUNTIME 81.873842001)
(OPT_RND 3136,339,11)
(OPT_RND 3112,298,11)
(OPT_RND 3048,298,0)
(OPT_RND 3048,298,0)
(OPT_RND 3008,298,0)
(OPT_RND 3002,298,0)
(OPT_RND 3002,298,0)
(OPT_RND 3002,298,0)
(OPT_RND 3002,298,0)
(OPT_RND 3002,298,0)
(OPT_RND 3002,298,0)
(OPT_RND 3002,298,0)
(OPTIMIZER_RND_RUNTIME 39.765196085)
(OPT_RND 3138,339,12)
(OPT_RND 3136,339,11)
(OPT_RND 3136,339,11)
(OPT_RND 3112,298,11)
(OPT_RND 3112,289,11)
(OPT_RND 3098,289,11)
(OPT_RND 3098,289,11)
(OPT_RND 3098,288,11)
(OPT_RND 3094,288,11)
(OPT_RND 3094,288,11)
(OPT_RND 3094,288,11)
(OPT_RND 3094,288,11)
(OPT_RND 3030,289,0)
(OPT_RND 3030,289,0)
(OPT_RND 3030,289,0)
(OPT_RND 3030,289,0)
(OPT_RND 2984,289,0)
(OPT_RND 2984,289,0)
(OPT_RND 2984,289,0)
(OPT_RND 2984,289,0)
(OPT_RND 2984,289,0)
(OPT_RND 2984,289,0)
(OPT_RND 2984,289,0)
(OPT_RND 2984,289,0)
(OPTIMIZER_RND_RUNTIME 86.0577828884)
(SAT 344,1,51,(inf,41),31.6584811211),
(OPT1 2684,344,1)
(OPT1 2684,344,1)
(OPT1 2684,310,1)
(OPT1 2684,299,1)
(OPT1 2680,299,0)
(OPT1 2680,299,0)
(OPT1 2680,299,0)
(OPT1 2674,299,0)
(OPT1 2674,299,0)
(OPT1 2668,299,0)
(OPT1 2668,299,0)
(OPT1 2668,299,0)
(OPT1 2668,299,0)
(OPT1 2668,299,0)
(OPT1 2668,299,0)
(OPT1 2668,299,0)
(OPT1 2668,299,0)
(OPT1 2668,299,0)
(OPTIMIZER_1_RUNTIME 54.5795359612)
(OPT2 2684,344,1)
(OPT2 2680,344,0)
(OPT2 2680,344,0)
(OPT2 2674,344,0)
(OPT2 2674,310,0)
(OPT2 2674,299,0)
(OPT2 2674,299,0)
(OPT2 2674,299,0)
(OPT2 2674,299,0)
(OPT2 2674,299,0)
(OPT2 2674,299,0)
(OPT2 2668,299,0)
(OPT2 2668,299,0)
(OPT2 2668,299,0)
(OPT2 2668,299,0)
(OPT2 2668,299,0)
(OPT2 2668,299,0)
(OPT2 2668,299,0)
(OPTIMIZER_2_RUNTIME 55.3825111389)
(OPT_RND 2680,344,0)
(OPT_RND 2680,344,0)
(OPT_RND 2680,344,0)
(OPT_RND 2674,306,0)
(OPT_RND 2674,306,0)
(OPT_RND 2674,306,0)
(OPT_RND 2674,306,0)
(OPT_RND 2674,306,0)
(OPT_RND 2674,306,0)
(OPT_RND 2674,297,0)
(OPT_RND 2674,297,0)
(OPT_RND 2674,297,0)
(OPT_RND 2674,297,0)
(OPT_RND 2674,297,0)
(OPT_RND 2674,297,0)
(OPT_RND 2674,297,0)
(OPT_RND 2674,297,0)
(OPT_RND 2674,297,0)
(OPTIMIZER_RND_RUNTIME 53.1658771038)
(OPT_RND 2684,344,1)
(OPT_RND 2684,306,1)
(OPT_RND 2680,306,0)
(OPT_RND 2680,306,0)
(OPT_RND 2674,306,0)
(OPT_RND 2674,306,0)
(OPT_RND 2674,306,0)
(OPT_RND 2674,306,0)
(OPT_RND 2674,306,0)
(OPT_RND 2674,306,0)
(OPT_RND 2674,306,0)
(OPT_RND 2674,306,0)
(OPTIMIZER_RND_RUNTIME 32.2204988003)
(OPT_RND 2684,344,1)
(OPT_RND 2684,344,1)
(OPT_RND 2684,344,1)
(OPT_RND 2684,306,1)
(OPT_RND 2684,297,1)
(OPT_RND 2684,297,1)
(OPT_RND 2684,297,1)
(OPT_RND 2684,297,1)
(OPT_RND 2684,297,1)
(OPT_RND 2684,297,1)
(OPT_RND 2684,297,1)
(OPT_RND 2684,297,1)
(OPTIMIZER_RND_RUNTIME 37.2791581154)
(SAT 352,0,51,(inf,41),30.8495509624),
(OPT1 2716,352,0)
(OPT1 2716,352,0)
(OPT1 2716,318,0)
(OPT1 2714,300,0)
(OPT1 2714,300,0)
(OPT1 2714,300,0)
(OPT1 2714,300,0)
(OPT1 2714,300,0)
(OPT1 2714,300,0)
(OPT1 2704,300,0)
(OPT1 2704,300,0)
(OPT1 2704,300,0)
(OPT1 2704,300,0)
(OPT1 2704,300,0)
(OPT1 2704,300,0)
(OPT1 2704,300,0)
(OPT1 2704,300,0)
(OPT1 2704,300,0)
(OPTIMIZER_1_RUNTIME 54.8940520287)
(OPT2 2716,352,0)
(OPT2 2716,352,0)
(OPT2 2716,352,0)
(OPT2 2716,352,0)
(OPT2 2716,318,0)
(OPT2 2714,300,0)
(OPT2 2714,300,0)
(OPT2 2714,300,0)
(OPT2 2714,300,0)
(OPT2 2714,300,0)
(OPT2 2714,300,0)
(OPT2 2704,300,0)
(OPT2 2704,300,0)
(OPT2 2704,300,0)
(OPT2 2704,300,0)
(OPT2 2704,300,0)
(OPT2 2704,300,0)
(OPT2 2704,300,0)
(OPTIMIZER_2_RUNTIME 55.5304160118)
(OPT_RND 2716,352,0)
(OPT_RND 2716,352,0)
(OPT_RND 2716,352,0)
(OPT_RND 2716,307,0)
(OPT_RND 2716,307,0)
(OPT_RND 2716,307,0)
(OPT_RND 2716,307,0)
(OPT_RND 2716,307,0)
(OPT_RND 2716,307,0)
(OPT_RND 2716,300,0)
(OPT_RND 2716,300,0)
(OPT_RND 2716,300,0)
(OPT_RND 2716,300,0)
(OPT_RND 2716,300,0)
(OPT_RND 2716,300,0)
(OPT_RND 2710,300,0)
(OPT_RND 2710,300,0)
(OPT_RND 2710,300,0)
(OPT_RND 2710,300,0)
(OPT_RND 2710,300,0)
(OPT_RND 2710,300,0)
(OPT_RND 2710,300,0)
(OPT_RND 2710,300,0)
(OPT_RND 2710,300,0)
(OPTIMIZER_RND_RUNTIME 69.9304070473)
(OPT_RND 2716,352,0)
(OPT_RND 2716,307,0)
(OPT_RND 2716,307,0)
(OPT_RND 2716,307,0)
(OPT_RND 2716,307,0)
(OPT_RND 2716,307,0)
(OPT_RND 2716,307,0)
(OPT_RND 2716,307,0)
(OPT_RND 2716,307,0)
(OPT_RND 2716,307,0)
(OPT_RND 2716,307,0)
(OPT_RND 2716,307,0)
(OPTIMIZER_RND_RUNTIME 32.7274358273)
(OPT_RND 2716,352,0)
(OPT_RND 2716,352,0)
(OPT_RND 2716,352,0)
(OPT_RND 2716,307,0)
(OPT_RND 2716,300,0)
(OPT_RND 2714,300,0)
(OPT_RND 2714,300,0)
(OPT_RND 2714,300,0)
(OPT_RND 2710,300,0)
(OPT_RND 2710,300,0)
(OPT_RND 2710,300,0)
(OPT_RND 2710,300,0)
(OPT_RND 2710,300,0)
(OPT_RND 2710,300,0)
(OPT_RND 2710,300,0)
(OPT_RND 2710,300,0)
(OPT_RND 2710,300,0)
(OPT_RND 2710,300,0)
(OPTIMIZER_RND_RUNTIME 51.7803912163)
(SAT 344,0,51,(inf,41),32.3444879055),
(OPT1 2692,344,0)
(OPT1 2692,344,0)
(OPT1 2692,310,0)
(OPT1 2688,299,0)
(OPT1 2688,299,0)
(OPT1 2688,299,0)
(OPT1 2688,299,0)
(OPT1 2688,299,0)
(OPT1 2688,299,0)
(OPT1 2680,299,0)
(OPT1 2680,299,0)
(OPT1 2680,299,0)
(OPT1 2680,299,0)
(OPT1 2680,299,0)
(OPT1 2680,299,0)
(OPT1 2680,299,0)
(OPT1 2680,299,0)
(OPT1 2680,299,0)
(OPTIMIZER_1_RUNTIME 54.8812019825)
(OPT2 2692,344,0)
(OPT2 2692,344,0)
(OPT2 2692,344,0)
(OPT2 2692,344,0)
(OPT2 2692,310,0)
(OPT2 2688,299,0)
(OPT2 2688,299,0)
(OPT2 2688,299,0)
(OPT2 2688,299,0)
(OPT2 2688,299,0)
(OPT2 2688,299,0)
(OPT2 2680,299,0)
(OPT2 2680,299,0)
(OPT2 2680,299,0)
(OPT2 2680,299,0)
(OPT2 2680,299,0)
(OPT2 2680,299,0)
(OPT2 2680,299,0)
(OPTIMIZER_2_RUNTIME 54.9342870712)
(OPT_RND 2692,344,0)
(OPT_RND 2692,344,0)
(OPT_RND 2692,344,0)
(OPT_RND 2692,305,0)
(OPT_RND 2692,305,0)
(OPT_RND 2692,305,0)
(OPT_RND 2692,305,0)
(OPT_RND 2692,305,0)
(OPT_RND 2692,305,0)
(OPT_RND 2692,298,0)
(OPT_RND 2692,298,0)
(OPT_RND 2692,298,0)
(OPT_RND 2692,298,0)
(OPT_RND 2692,298,0)
(OPT_RND 2692,298,0)
(OPT_RND 2690,298,0)
(OPT_RND 2690,298,0)
(OPT_RND 2690,298,0)
(OPT_RND 2690,298,0)
(OPT_RND 2690,298,0)
(OPT_RND 2690,298,0)
(OPT_RND 2690,298,0)
(OPT_RND 2690,298,0)
(OPT_RND 2690,298,0)
(OPTIMIZER_RND_RUNTIME 68.9158580303)
(OPT_RND 2692,344,0)
(OPT_RND 2692,305,0)
(OPT_RND 2692,305,0)
(OPT_RND 2692,305,0)
(OPT_RND 2692,305,0)
(OPT_RND 2692,305,0)
(OPT_RND 2692,305,0)
(OPT_RND 2692,305,0)
(OPT_RND 2692,305,0)
(OPT_RND 2692,305,0)
(OPT_RND 2692,305,0)
(OPT_RND 2692,305,0)
(OPTIMIZER_RND_RUNTIME 33.0387442112)
(OPT_RND 2692,344,0)
(OPT_RND 2692,344,0)
(OPT_RND 2692,344,0)
(OPT_RND 2692,305,0)
(OPT_RND 2692,299,0)
(OPT_RND 2692,299,0)
(OPT_RND 2692,299,0)
(OPT_RND 2692,298,0)
(OPT_RND 2690,298,0)
(OPT_RND 2690,298,0)
(OPT_RND 2690,298,0)
(OPT_RND 2690,298,0)
(OPT_RND 2690,298,0)
(OPT_RND 2690,298,0)
(OPT_RND 2690,298,0)
(OPT_RND 2690,298,0)
(OPT_RND 2690,298,0)
(OPT_RND 2690,298,0)
(OPTIMIZER_RND_RUNTIME 51.6112570763)
(SAT 339,10,51,(339,41),35.0092558861),
(OPT1 3094,339,9)
(OPT1 3078,339,9)
(OPT1 3078,303,9)
(OPT1 3060,291,9)
(OPT1 3014,292,0)
(OPT1 3014,292,0)
(OPT1 3014,292,0)
(OPT1 2994,292,0)
(OPT1 2994,291,0)
(OPT1 2984,291,0)
(OPT1 2984,291,0)
(OPT1 2984,291,0)
(OPT1 2984,291,0)
(OPT1 2984,291,0)
(OPT1 2984,291,0)
(OPT1 2972,291,0)
(OPT1 2972,291,0)
(OPT1 2972,291,0)
(OPT1 2972,291,0)
(OPT1 2972,291,0)
(OPT1 2972,291,0)
(OPT1 2972,291,0)
(OPT1 2972,291,0)
(OPT1 2972,291,0)
(OPTIMIZER_1_RUNTIME 83.1865179539)
(OPT2 3094,339,9)
(OPT2 3050,339,1)
(OPT2 3050,339,1)
(OPT2 3014,339,1)
(OPT2 3014,303,1)
(OPT2 2992,291,1)
(OPT2 2992,291,1)
(OPT2 2990,292,0)
(OPT2 2990,292,0)
(OPT2 2990,292,0)
(OPT2 2990,291,0)
(OPT2 2986,291,0)
(OPT2 2986,291,0)
(OPT2 2986,291,0)
(OPT2 2986,291,0)
(OPT2 2986,291,0)
(OPT2 2986,291,0)
(OPT2 2974,291,0)
(OPT2 2974,291,0)
(OPT2 2974,291,0)
(OPT2 2974,291,0)
(OPT2 2974,291,0)
(OPT2 2974,291,0)
(OPT2 2974,291,0)
(OPTIMIZER_2_RUNTIME 82.5429110527)
(OPT_RND 3048,339,1)
(OPT_RND 3048,339,1)
(OPT_RND 3048,339,1)
(OPT_RND 3008,298,1)
(OPT_RND 3008,298,1)
(OPT_RND 3008,298,1)
(OPT_RND 3008,298,1)
(OPT_RND 3008,298,1)
(OPT_RND 3008,298,1)
(OPT_RND 3008,289,1)
(OPT_RND 3006,289,0)
(OPT_RND 3006,289,0)
(OPT_RND 3006,289,0)
(OPT_RND 3006,289,0)
(OPT_RND 3006,288,0)
(OPT_RND 2988,288,0)
(OPT_RND 2988,288,0)
(OPT_RND 2980,288,0)
(OPT_RND 2980,288,0)
(OPT_RND 2980,288,0)
(OPT_RND 2980,288,0)
(OPT_RND 2980,288,0)
(OPT_RND 2980,288,0)
(OPT_RND 2980,288,0)
(OPTIMIZER_RND_RUNTIME 79.3670759201)
(OPT_RND 3090,339,9)
(OPT_RND 3074,298,9)
(OPT_RND 3030,298,0)
(OPT_RND 3030,298,0)
(OPT_RND 3010,298,0)
(OPT_RND 3006,298,0)
(OPT_RND 3006,298,0)
(OPT_RND 3006,298,0)
(OPT_RND 3006,298,0)
(OPT_RND 3006,298,0)
(OPT_RND 3006,298,0)
(OPT_RND 3006,298,0)
(OPTIMIZER_RND_RUNTIME 38.0994138718)
(OPT_RND 3094,339,9)
(OPT_RND 3094,339,9)
(OPT_RND 3094,339,9)
(OPT_RND 3078,298,9)
(OPT_RND 3078,288,9)
(OPT_RND 3060,288,9)
(OPT_RND 3060,288,9)
(OPT_RND 3060,287,9)
(OPT_RND 3060,287,9)
(OPT_RND 3060,287,9)
(OPT_RND 3060,287,9)
(OPT_RND 3060,287,9)
(OPT_RND 3014,288,0)
(OPT_RND 3014,288,0)
(OPT_RND 3014,288,0)
(OPT_RND 3014,288,0)
(OPT_RND 2990,288,0)
(OPT_RND 2990,288,0)
(OPT_RND 2990,288,0)
(OPT_RND 2978,288,0)
(OPT_RND 2978,288,0)
(OPT_RND 2978,288,0)
(OPT_RND 2978,288,0)
(OPT_RND 2978,288,0)
(OPT_RND 2978,288,0)
(OPT_RND 2978,288,0)
(OPT_RND 2978,288,0)
(OPT_RND 2978,288,0)
(OPT_RND 2978,288,0)
(OPT_RND 2978,288,0)
(OPTIMIZER_RND_RUNTIME 96.863710165)
(SAT 339,21,51,(339,41),34.0851180553),
(OPT1 3224,339,21)
(OPT1 3202,339,21)
(OPT1 3202,303,21)
(OPT1 3200,291,21)
(OPT1 3116,292,0)
(OPT1 3116,292,0)
(OPT1 3116,292,0)
(OPT1 3068,292,0)
(OPT1 3068,292,0)
(OPT1 3064,292,0)
(OPT1 3064,292,0)
(OPT1 3064,292,0)
(OPT1 3064,292,0)
(OPT1 3064,292,0)
(OPT1 3064,292,0)
(OPT1 3064,292,0)
(OPT1 3064,292,0)
(OPT1 3064,292,0)
(OPTIMIZER_1_RUNTIME 66.781334877)
(OPT2 3224,339,21)
(OPT2 3150,339,4)
(OPT2 3150,339,4)
(OPT2 3090,339,4)
(OPT2 3090,304,4)
(OPT2 3084,292,4)
(OPT2 3084,292,4)
(OPT2 3074,292,0)
(OPT2 3074,292,0)
(OPT2 3064,292,0)
(OPT2 3064,292,0)
(OPT2 3064,292,0)
(OPT2 3064,292,0)
(OPT2 3064,292,0)
(OPT2 3064,292,0)
(OPT2 3064,292,0)
(OPT2 3064,292,0)
(OPT2 3058,292,0)
(OPT2 3058,292,0)
(OPT2 3058,292,0)
(OPT2 3058,292,0)
(OPT2 3058,292,0)
(OPT2 3058,292,0)
(OPT2 3058,292,0)
(OPTIMIZER_2_RUNTIME 86.3385920525)
(OPT_RND 3148,339,4)
(OPT_RND 3148,339,4)
(OPT_RND 3148,339,4)
(OPT_RND 3082,301,4)
(OPT_RND 3082,301,4)
(OPT_RND 3082,301,4)
(OPT_RND 3082,301,4)
(OPT_RND 3082,301,4)
(OPT_RND 3082,301,4)
(OPT_RND 3082,290,4)
(OPT_RND 3072,290,0)
(OPT_RND 3072,290,0)
(OPT_RND 3072,290,0)
(OPT_RND 3072,290,0)
(OPT_RND 3072,290,0)
(OPT_RND 3060,290,0)
(OPT_RND 3060,290,0)
(OPT_RND 3060,290,0)
(OPT_RND 3060,290,0)
(OPT_RND 3060,290,0)
(OPT_RND 3060,290,0)
(OPT_RND 3060,290,0)
(OPT_RND 3060,290,0)
(OPT_RND 3060,290,0)
(OPTIMIZER_RND_RUNTIME 76.2594521046)
(OPT_RND 3220,339,21)
(OPT_RND 3198,301,21)
(OPT_RND 3116,302,0)
(OPT_RND 3116,302,0)
(OPT_RND 3066,302,0)
(OPT_RND 3062,301,0)
(OPT_RND 3062,301,0)
(OPT_RND 3062,301,0)
(OPT_RND 3062,301,0)
(OPT_RND 3062,301,0)
(OPT_RND 3062,301,0)
(OPT_RND 3062,301,0)
(OPTIMIZER_RND_RUNTIME 40.3465349674)
(OPT_RND 3224,339,21)
(OPT_RND 3224,339,21)
(OPT_RND 3224,339,21)
(OPT_RND 3202,301,21)
(OPT_RND 3202,290,21)
(OPT_RND 3200,290,21)
(OPT_RND 3200,290,21)
(OPT_RND 3200,290,21)
(OPT_RND 3200,290,21)
(OPT_RND 3200,290,21)
(OPT_RND 3200,290,21)
(OPT_RND 3200,290,21)
(OPTIMIZER_RND_RUNTIME 48.6931118965)
(SAT 344,0,51,(inf,0),34.5300080776),
(OPT1 2648,344,0)
(OPT1 2648,344,0)
(OPT1 2648,310,0)
(OPT1 2648,299,0)
(OPT1 2648,299,0)
(OPT1 2648,299,0)
(OPT1 2648,299,0)
(OPT1 2648,299,0)
(OPT1 2648,299,0)
(OPT1 2642,299,0)
(OPT1 2642,299,0)
(OPT1 2642,299,0)
(OPT1 2642,299,0)
(OPT1 2642,299,0)
(OPT1 2642,299,0)
(OPT1 2642,299,0)
(OPT1 2642,299,0)
(OPT1 2642,299,0)
(OPTIMIZER_1_RUNTIME 54.806210041)
(OPT2 2648,344,0)
(OPT2 2648,344,0)
(OPT2 2648,344,0)
(OPT2 2648,344,0)
(OPT2 2648,310,0)
(OPT2 2648,299,0)
(OPT2 2648,299,0)
(OPT2 2648,299,0)
(OPT2 2648,299,0)
(OPT2 2648,299,0)
(OPT2 2648,299,0)
(OPT2 2642,299,0)
(OPT2 2642,299,0)
(OPT2 2642,299,0)
(OPT2 2642,299,0)
(OPT2 2642,299,0)
(OPT2 2642,299,0)
(OPT2 2642,299,0)
(OPTIMIZER_2_RUNTIME 54.2885160446)
(OPT_RND 2648,344,0)
(OPT_RND 2648,344,0)
(OPT_RND 2648,344,0)
(OPT_RND 2648,305,0)
(OPT_RND 2648,305,0)
(OPT_RND 2648,305,0)
(OPT_RND 2648,305,0)
(OPT_RND 2648,305,0)
(OPT_RND 2648,305,0)
(OPT_RND 2648,297,0)
(OPT_RND 2648,297,0)
(OPT_RND 2648,297,0)
(OPT_RND 2648,297,0)
(OPT_RND 2648,297,0)
(OPT_RND 2648,297,0)
(OPT_RND 2648,297,0)
(OPT_RND 2648,297,0)
(OPT_RND 2648,297,0)
(OPTIMIZER_RND_RUNTIME 52.6972370148)
(OPT_RND 2648,344,0)
(OPT_RND 2648,305,0)
(OPT_RND 2648,305,0)
(OPT_RND 2648,305,0)
(OPT_RND 2648,305,0)
(OPT_RND 2648,305,0)
(OPT_RND 2648,305,0)
(OPT_RND 2648,305,0)
(OPT_RND 2648,305,0)
(OPT_RND 2648,305,0)
(OPT_RND 2648,305,0)
(OPT_RND 2648,305,0)
(OPTIMIZER_RND_RUNTIME 31.9055860043)
(OPT_RND 2648,344,0)
(OPT_RND 2648,344,0)
(OPT_RND 2648,344,0)
(OPT_RND 2648,305,0)
(OPT_RND 2648,298,0)
(OPT_RND 2648,298,0)
(OPT_RND 2648,298,0)
(OPT_RND 2648,297,0)
(OPT_RND 2648,297,0)
(OPT_RND 2648,297,0)
(OPT_RND 2648,297,0)
(OPT_RND 2648,297,0)
(OPT_RND 2648,297,0)
(OPT_RND 2648,297,0)
(OPT_RND 2648,297,0)
(OPT_RND 2648,297,0)
(OPT_RND 2648,297,0)
(OPT_RND 2648,297,0)
(OPTIMIZER_RND_RUNTIME 50.928153038)
(SAT 344,0,51,(inf,0),31.7770252228),
(OPT1 2666,344,0)
(OPT1 2662,344,0)
(OPT1 2662,310,0)
(OPT1 2662,299,0)
(OPT1 2662,299,0)
(OPT1 2662,299,0)
(OPT1 2662,299,0)
(OPT1 2662,299,0)
(OPT1 2662,299,0)
(OPT1 2656,299,0)
(OPT1 2656,299,0)
(OPT1 2656,299,0)
(OPT1 2656,299,0)
(OPT1 2656,299,0)
(OPT1 2656,299,0)
(OPT1 2656,299,0)
(OPT1 2656,299,0)
(OPT1 2656,299,0)
(OPTIMIZER_1_RUNTIME 54.427054882)
(OPT2 2666,344,0)
(OPT2 2666,344,0)
(OPT2 2666,344,0)
(OPT2 2662,344,0)
(OPT2 2662,310,0)
(OPT2 2662,299,0)
(OPT2 2662,299,0)
(OPT2 2662,299,0)
(OPT2 2662,299,0)
(OPT2 2662,299,0)
(OPT2 2662,299,0)
(OPT2 2656,299,0)
(OPT2 2656,299,0)
(OPT2 2656,299,0)
(OPT2 2656,299,0)
(OPT2 2656,299,0)
(OPT2 2656,299,0)
(OPT2 2656,299,0)
(OPTIMIZER_2_RUNTIME 55.4377720356)
(OPT_RND 2666,344,0)
(OPT_RND 2666,344,0)
(OPT_RND 2666,344,0)
(OPT_RND 2662,305,0)
(OPT_RND 2662,305,0)
(OPT_RND 2662,305,0)
(OPT_RND 2662,305,0)
(OPT_RND 2662,305,0)
(OPT_RND 2662,305,0)
(OPT_RND 2662,297,0)
(OPT_RND 2662,297,0)
(OPT_RND 2662,297,0)
(OPT_RND 2662,297,0)
(OPT_RND 2662,297,0)
(OPT_RND 2662,297,0)
(OPT_RND 2662,297,0)
(OPT_RND 2662,297,0)
(OPT_RND 2662,297,0)
(OPTIMIZER_RND_RUNTIME 53.3458018303)
(OPT_RND 2666,344,0)
(OPT_RND 2662,305,0)
(OPT_RND 2662,305,0)
(OPT_RND 2662,305,0)
(OPT_RND 2662,305,0)
(OPT_RND 2662,305,0)
(OPT_RND 2662,305,0)
(OPT_RND 2662,305,0)
(OPT_RND 2662,305,0)
(OPT_RND 2662,305,0)
(OPT_RND 2662,305,0)
(OPT_RND 2662,305,0)
(OPTIMIZER_RND_RUNTIME 32.5453369617)
(OPT_RND 2666,344,0)
(OPT_RND 2666,344,0)
(OPT_RND 2666,344,0)
(OPT_RND 2662,305,0)
(OPT_RND 2662,298,0)
(OPT_RND 2662,298,0)
(OPT_RND 2662,298,0)
(OPT_RND 2662,297,0)
(OPT_RND 2662,297,0)
(OPT_RND 2662,297,0)
(OPT_RND 2662,297,0)
(OPT_RND 2662,297,0)
(OPT_RND 2662,297,0)
(OPT_RND 2662,297,0)
(OPT_RND 2662,297,0)
(OPT_RND 2662,297,0)
(OPT_RND 2662,297,0)
(OPT_RND 2662,297,0)
(OPTIMIZER_RND_RUNTIME 51.7317500114)
(SAT 343,0,51,(inf,0),31.001816988),
(OPT1 2660,343,0)
(OPT1 2660,343,0)
(OPT1 2660,309,0)
(OPT1 2660,298,0)
(OPT1 2660,298,0)
(OPT1 2660,298,0)
(OPT1 2660,298,0)
(OPT1 2660,298,0)
(OPT1 2660,298,0)
(OPT1 2658,298,0)
(OPT1 2658,298,0)
(OPT1 2658,298,0)
(OPT1 2658,298,0)
(OPT1 2658,298,0)
(OPT1 2658,298,0)
(OPT1 2658,298,0)
(OPT1 2658,298,0)
(OPT1 2658,298,0)
(OPTIMIZER_1_RUNTIME 53.5044429302)
(OPT2 2660,343,0)
(OPT2 2660,343,0)
(OPT2 2660,343,0)
(OPT2 2660,343,0)
(OPT2 2660,309,0)
(OPT2 2660,298,0)
(OPT2 2660,298,0)
(OPT2 2660,298,0)
(OPT2 2660,298,0)
(OPT2 2660,298,0)
(OPT2 2660,298,0)
(OPT2 2658,298,0)
(OPT2 2658,298,0)
(OPT2 2658,298,0)
(OPT2 2658,298,0)
(OPT2 2658,298,0)
(OPT2 2658,298,0)
(OPT2 2658,298,0)
(OPTIMIZER_2_RUNTIME 53.3393161297)
(OPT_RND 2660,343,0)
(OPT_RND 2660,343,0)
(OPT_RND 2660,343,0)
(OPT_RND 2660,308,0)
(OPT_RND 2660,308,0)
(OPT_RND 2660,308,0)
(OPT_RND 2660,308,0)
(OPT_RND 2660,308,0)
(OPT_RND 2660,308,0)
(OPT_RND 2660,297,0)
(OPT_RND 2660,297,0)
(OPT_RND 2660,297,0)
(OPT_RND 2660,297,0)
(OPT_RND 2660,297,0)
(OPT_RND 2660,297,0)
(OPT_RND 2658,297,0)
(OPT_RND 2658,297,0)
(OPT_RND 2658,297,0)
(OPT_RND 2658,297,0)
(OPT_RND 2658,297,0)
(OPT_RND 2658,297,0)
(OPT_RND 2658,297,0)
(OPT_RND 2658,297,0)
(OPT_RND 2658,297,0)
(OPTIMIZER_RND_RUNTIME 68.3871669769)
(OPT_RND 2660,343,0)
(OPT_RND 2660,308,0)
(OPT_RND 2660,308,0)
(OPT_RND 2660,308,0)
(OPT_RND 2660,308,0)
(OPT_RND 2660,308,0)
(OPT_RND 2660,308,0)
(OPT_RND 2660,308,0)
(OPT_RND 2660,308,0)
(OPT_RND 2660,308,0)
(OPT_RND 2660,308,0)
(OPT_RND 2660,308,0)
(OPTIMIZER_RND_RUNTIME 32.3014008999)
(OPT_RND 2660,343,0)
(OPT_RND 2660,343,0)
(OPT_RND 2660,343,0)
(OPT_RND 2660,308,0)
(OPT_RND 2660,298,0)
(OPT_RND 2660,298,0)
(OPT_RND 2660,298,0)
(OPT_RND 2660,297,0)
(OPT_RND 2658,297,0)
(OPT_RND 2658,297,0)
(OPT_RND 2658,297,0)
(OPT_RND 2658,297,0)
(OPT_RND 2658,297,0)
(OPT_RND 2658,297,0)
(OPT_RND 2658,297,0)
(OPT_RND 2658,297,0)
(OPT_RND 2658,297,0)
(OPT_RND 2658,297,0)
(OPTIMIZER_RND_RUNTIME 51.072510004)
