((172,inf),(79,0,34,509),(79,0,34,509),4.56752181053),
((172,inf),(79,0,34,513),(79,0,34,513),4.17746686935),
((172,inf),(79,0,34,509),(79,0,34,509),4.60461306572),
((172,inf),(79,0,34,513),(79,0,34,513),4.6266450882),
((172,inf),(79,0,34,513),(79,0,34,513),4.62089109421),
((79,inf),(79,0,34,515),(79,0,34,515),4.73371195793),
((79,inf),(79,0,34,517),(79,0,34,517),4.49448299408),
((79,inf),(79,0,34,511),(79,0,34,511),4.64342594147),
((79,inf),(79,0,34,509),(79,0,34,509),4.64381885529),
((79,inf),(79,0,34,509),(79,0,34,509),4.65681505203),
((74,inf),(74,0,34,539),(74,0,34,539),4.53977680206),
((74,inf),(74,0,34,529),(74,0,34,529),4.45641708374),
((74,inf),(74,0,34,529),(74,0,34,529),4.29504799843),
((74,inf),(74,0,34,539),(74,0,34,539),4.20204496384),
((74,inf),(74,0,34,531),(74,0,34,531),4.13337206841),
((69,inf),(69,26,34,775),(69,26,34,733),4.23097801208),
((69,inf),(69,32,34,767),(69,32,34,763),4.28312397003),
((69,inf),(69,7,34,683),(69,7,34,677),4.19149804115),
((69,inf),(69,16,34,769),(69,16,34,729),4.30792999268),
((69,inf),(69,12,34,687),(69,12,34,649),4.2492711544),
((64,inf),(64,22,34,737),(64,22,34,727),4.17774701118),
((64,inf),(64,26,34,863),(64,26,34,819),4.9923582077),
((64,inf),(64,31,34,841),(64,31,34,773),4.76356887817),
((64,inf),(64,25,34,787),(64,25,34,765),4.56365895271),
((64,inf),(64,21,34,741),(64,21,34,727),4.28293919563),
((59,inf),(59,30,39,923),(59,30,39,889),20.0402948856),
((59,inf),(59,33,39,863),(59,33,39,799),21.7398269176),
((59,inf),(59,48,39,953),(59,48,39,911),21.9293828011),
((59,inf),(59,25,34,743),(59,25,34,725),19.2143208981),
((59,inf),(59,45,39,897),(59,45,39,859),23.1296288967),
((54,inf),(54,74,49,1105),(54,74,49,1043),53.1715931892),
((54,inf),(54,39,39,903),(54,39,39,879),21.7159879208),
((54,inf),(54,35,39,867),(54,35,39,819),24.6114339828),
((54,inf),(54,34,39,875),(54,34,39,863),20.4747071266),
((54,inf),(54,58,44,1031),(54,58,44,981),40.8988599777),
((49,inf),(49,44,54,1153),(49,44,54,1075),77.2891581059),
((49,inf),(49,61,59,1117),(49,61,59,1087),88.4749720097),
((49,inf),(49,56,64,1325),(49,56,64,1229),101.266992092),
((44,inf),(44,34,64,1105),(44,34,64,1035),98.4731957912),
((172,34),(79,0,34,515),(79,0,34,515),4.58839607239),
((172,34),(79,0,34,509),(79,0,34,509),4.54607081413),
((172,34),(79,0,34,509),(79,0,34,509),4.56274390221),
((172,34),(79,0,34,509),(79,0,34,509),4.58107709885),
((172,34),(79,0,34,511),(79,0,34,511),4.56732106209),
((79,34),(79,0,34,509),(79,0,34,509),4.50481796265),
((79,34),(79,0,34,509),(79,0,34,509),4.61853194237),
((79,34),(79,0,34,515),(79,0,34,515),4.65556097031),
((79,34),(79,0,34,517),(79,0,34,517),4.56032013893),
((79,34),(79,1,34,521),(79,1,34,521),4.65442800522),
((74,34),(74,0,34,529),(74,0,34,529),4.66961789131),
((74,34),(74,0,34,529),(74,0,34,529),4.67622613907),
((74,34),(74,0,34,533),(74,0,34,533),4.64242982864),
((74,34),(74,0,34,539),(74,0,34,539),4.66364789009),
((74,34),(74,0,34,551),(74,0,34,549),4.68371915817),
((69,34),(69,6,34,621),(69,6,34,621),4.62740206718),
((69,34),(69,23,34,875),(69,23,34,835),4.38163089752),
((69,34),(69,6,34,657),(69,6,34,657),4.6989171505),
((69,34),(69,6,34,653),(69,6,34,653),4.65124702454),
((69,34),(69,18,34,705),(67,18,34,671),4.87184000015),
((64,34),(64,32,34,777),(64,32,34,745),4.73071098328),
((64,34),(64,27,34,819),(64,27,34,779),4.96725010872),
((64,34),(64,18,34,739),(64,18,34,691),6.18153309822),
((64,34),(64,34,34,831),(64,34,34,797),5.07157182693),
((64,34),(64,25,34,781),(64,25,34,765),4.7422978878),
((59,34),(59,32,34,821),(59,32,34,817),7.62472510338),
((59,34),(59,34,39,889),(59,34,39,833),28.7226421833),
((59,34),(59,29,39,879),(59,29,39,835),20.5569210052),
((59,34),(59,33,39,899),(59,33,39,857),20.6807050705),
((59,34),(59,34,39,897),(59,34,39,819),21.5640730858),
((54,34),(54,34,44,1019),(54,34,44,973),41.6651890278),
((54,34),(54,34,64,1413),(54,34,64,1293),99.6181151867),
((54,34),(54,34,39,925),(54,34,39,885),28.7702851295),
((54,34),(54,34,39,899),(54,34,39,867),29.0970759392),
((54,34),(54,34,54,1191),(54,34,54,1065),73.2222328186),
((49,34),(49,34,54,1189),(49,34,54,1109),72.1637639999),
((49,34),(49,34,64,1467),(49,34,64,1389),104.111994028),
((44,34),(44,34,59,1133),(44,34,59,1097),91.3747589588),
((172,17),(79,0,34,527),(79,0,34,527),4.53038907051),
((172,17),(79,0,34,509),(79,0,34,509),4.57891011238),
((172,17),(79,1,34,517),(79,1,34,517),4.53332400322),
((172,17),(79,0,34,509),(79,0,34,509),4.40815091133),
((172,17),(79,0,34,513),(79,0,34,513),4.56206202507),
((79,17),(79,0,34,509),(79,0,34,509),4.20228290558),
((79,17),(79,0,34,509),(79,0,34,509),4.18942713737),
((79,17),(79,0,34,509),(79,0,34,509),4.1677980423),
((79,17),(79,0,34,509),(79,0,34,509),4.4845290184),
((79,17),(79,0,34,515),(79,0,34,515),4.37259697914),
((74,17),(74,0,34,529),(74,0,34,529),4.57134890556),
((74,17),(74,0,34,529),(74,0,34,529),4.54610085487),
((74,17),(74,0,34,529),(74,0,34,529),4.18708515167),
((74,17),(74,0,34,529),(74,0,34,529),4.14540696144),
((74,17),(74,0,34,529),(74,0,34,529),4.17698788643),
((69,17),(69,6,34,605),(69,6,34,605),4.59356999397),
((69,17),(69,6,34,601),(69,6,34,601),4.69717597961),
((69,17),(69,6,34,599),(69,6,34,599),4.65440988541),
((69,17),(69,6,34,599),(69,6,34,599),4.72138190269),
((69,17),(69,17,34,751),(69,17,34,707),4.71742892265),
((64,17),(64,14,34,699),(64,14,34,695),4.72035598755),
((64,17),(64,17,34,773),(64,17,34,759),5.28700709343),
((64,17),(64,15,34,753),(64,15,34,729),4.71245193481),
((64,17),(64,17,34,755),(64,17,34,735),4.95106506348),
((64,17),(64,17,34,843),(64,17,34,801),6.75567412376),
((59,17),(59,17,54,1067),(59,17,54,915),79.8467330933),
((59,17),(59,17,64,1303),(59,17,64,1143),98.9067511559),
((59,17),(59,17,54,1229),(59,17,54,1133),76.2423129082),
((59,17),(59,17,39,913),(59,17,39,835),29.0153369904),
((59,17),(59,17,39,831),(59,17,39,791),24.6164181232),
((54,17),(54,17,44,977),(54,17,44,871),36.1823039055),
((54,17),(54,17,49,981),(54,17,49,951),60.5194439888),
((54,17),(54,17,64,1391),(54,17,64,1263),111.192035913),
((172,8),(79,0,34,509),(79,0,34,509),4.15903997421),
((172,8),(79,0,34,509),(79,0,34,509),4.11416220665),
((172,8),(79,0,34,509),(79,0,34,509),4.12974905968),
((172,8),(79,0,34,513),(79,0,34,513),4.05085778236),
((172,8),(79,0,34,511),(79,0,34,511),4.51599407196),
((79,8),(79,0,34,509),(79,0,34,509),4.65766906738),
((79,8),(79,0,34,509),(79,0,34,509),4.67095088959),
((79,8),(79,0,34,509),(79,0,34,509),4.66129899025),
((79,8),(79,0,34,509),(79,0,34,509),4.39099407196),
((79,8),(79,0,34,513),(79,0,34,513),4.16114282608),
((74,8),(74,0,34,529),(74,0,34,529),4.58539795876),
((74,8),(74,0,34,529),(74,0,34,529),4.67791295052),
((74,8),(74,0,34,529),(74,0,34,529),4.67310190201),
((74,8),(74,0,34,529),(74,0,34,529),4.67589402199),
((74,8),(74,0,34,535),(74,0,34,535),4.60364985466),
((69,8),(69,8,34,717),(69,8,34,699),4.24110198021),
((69,8),(69,7,34,635),(69,7,34,621),4.20557498932),
((69,8),(69,7,34,671),(69,7,34,655),4.49797582626),
((69,8),(69,7,34,641),(69,7,34,627),4.69991707802),
((69,8),(69,7,34,659),(69,7,34,653),4.68651914597),
((64,8),(64,8,44,957),(64,8,44,901),38.7310249805),
((64,8),(64,8,34,737),(64,8,34,707),17.0095450878),
((64,8),(64,8,34,723),(64,8,34,669),9.60621094704),
((64,8),(64,8,34,773),(64,8,34,723),15.0222890377),
((64,8),(64,8,39,845),(64,8,39,793),27.1613559723),
((59,8),(59,8,54,1105),(59,8,54,1023),67.066450119),
((59,8),(59,8,54,1063),(59,8,54,1013),80.9005720615),
((59,8),(59,8,44,939),(59,8,44,875),42.4898850918),
((59,8),(59,8,54,1075),(59,8,54,951),70.5108370781),
((54,8),(54,8,54,905),(54,8,54,843),70.7174489498),
((54,8),(54,8,64,1265),(54,8,64,1087),110.808778048),
((54,8),(54,8,69,1193),(54,8,69,1017),116.465392113),
((54,8),(54,8,64,1151),(54,8,64,995),99.987694025),
((49,8),(49,8,64,1123),(49,8,64,1059),109.957891941),
((172,0),(79,0,34,509),(79,0,34,509),4.06662607193),
((172,0),(79,0,34,513),(79,0,34,513),4.03499507904),
((172,0),(79,0,34,509),(79,0,34,509),4.30851507187),
((172,0),(79,0,34,509),(79,0,34,509),4.44377112389),
((172,0),(79,0,34,513),(79,0,34,513),4.38158988953),
((79,0),(79,0,34,515),(79,0,34,515),4.24872994423),
((79,0),(79,0,34,517),(79,0,34,517),4.28618311882),
((79,0),(79,0,34,511),(79,0,34,511),4.1353662014),
((79,0),(79,0,34,509),(79,0,34,509),4.1389708519),
((79,0),(79,0,34,509),(79,0,34,509),4.36191105843),
((74,0),(74,0,34,529),(74,0,34,529),4.56412982941),
((74,0),(74,0,34,529),(74,0,34,529),4.55540204048),
((74,0),(74,0,34,529),(74,0,34,529),4.54121303558),
((74,0),(74,0,34,529),(74,0,34,529),4.53430700302),
((74,0),(74,0,34,531),(74,0,34,531),4.53608703613),
((69,0),(69,0,34,693),(69,0,34,661),4.68701291084),
((69,0),(69,0,34,641),(69,0,34,617),4.77011203766),
((69,0),(69,0,34,685),(69,0,34,651),4.63804006577),
((69,0),(69,0,34,693),(69,0,34,657),4.41395401955),
((69,0),(69,0,34,641),(69,0,34,599),4.25005197525),
((64,0),(64,0,39,761),(64,0,39,675),23.9164969921),
((64,0),(64,0,34,691),(64,0,34,629),9.23413491249),
((64,0),(64,0,34,651),(64,0,34,617),15.5086259842),
((64,0),(64,0,34,683),(64,0,34,647),10.6111459732),
((64,0),(64,0,34,657),(64,0,34,629),6.92268300056),
((59,0),(59,0,49,945),(59,0,49,851),64.6547110081),
((59,0),(59,0,44,797),(59,0,44,743),37.1104388237),
((59,0),(59,0,49,847),(59,0,49,781),64.3243989944),
((59,0),(59,0,64,1097),(59,0,64,969),104.48614502),
((59,0),(59,0,49,933),(59,0,49,821),55.0009860992),
((54,0),(54,0,49,873),(54,0,49,741),55.0940949917),
((54,0),(54,0,69,1275),(54,0,69,1025),117.481173992),
((49,0),(49,0,59,763),(49,0,59,695),87.0316679478),
((49,0),(49,0,49,855),(49,0,49,757),60.8642609119),
((44,0),(44,0,64,975),(44,0,64,859),109.787348032),
