((177,inf),(108,0,29,440),(108,0,29,440),3.80008411407),
((177,inf),(108,0,29,438),(108,0,29,438),4.11452007294),
((177,inf),(108,0,29,438),(108,0,29,438),4.10762691498),
((177,inf),(108,0,29,438),(108,0,29,438),4.03201603889),
((177,inf),(108,0,29,438),(108,0,29,438),4.06978797913),
((108,inf),(108,0,29,444),(108,0,29,444),3.82414412498),
((108,inf),(108,0,29,440),(108,0,29,440),3.76014995575),
((108,inf),(108,0,29,438),(108,0,29,438),4.20363593102),
((108,inf),(108,0,29,438),(108,0,29,438),4.04684305191),
((108,inf),(108,0,29,438),(108,0,29,438),4.11484694481),
((103,inf),(96,21,29,744),(94,21,29,730),3.98481988907),
((103,inf),(92,13,29,710),(91,13,29,668),3.91632699966),
((103,inf),(103,16,29,630),(103,16,29,624),4.21997785568),
((103,inf),(103,9,29,692),(103,9,29,692),4.20984005928),
((103,inf),(94,10,29,718),(94,10,29,718),4.25176000595),
((98,inf),(98,20,29,698),(98,20,29,692),3.99774098396),
((98,inf),(98,20,29,686),(98,20,29,680),4.13318395615),
((98,inf),(98,20,29,694),(98,20,29,686),3.91437888145),
((98,inf),(98,20,29,698),(98,20,29,692),4.24028801918),
((98,inf),(98,20,29,706),(98,20,29,702),3.94176697731),
((93,inf),(93,17,29,676),(93,17,29,672),3.97481513023),
((93,inf),(93,18,29,720),(93,18,29,704),3.90796709061),
((93,inf),(93,21,29,702),(93,21,29,696),4.23609805107),
((93,inf),(93,17,29,700),(93,17,29,688),4.13452506065),
((93,inf),(93,17,29,714),(93,17,29,698),1.76490283012),
((88,inf),(88,15,29,804),(88,15,29,780),1.85522484779),
((88,inf),(88,4,29,650),(88,4,29,636),1.82263302803),
((88,inf),(88,4,29,652),(88,4,29,638),1.79043412209),
((88,inf),(88,4,29,648),(88,4,29,634),1.82070803642),
((88,inf),(88,4,29,650),(88,4,29,636),3.68325901031),
((83,inf),(83,14,29,750),(83,14,29,736),4.36213803291),
((83,inf),(83,15,29,766),(83,15,29,754),4.38392615318),
((83,inf),(83,16,29,764),(83,16,29,740),4.36344194412),
((83,inf),(83,18,29,762),(83,18,29,748),4.44661188126),
((83,inf),(83,12,29,724),(83,12,29,704),4.36967611313),
((78,inf),(78,15,29,768),(78,15,29,742),4.05842804909),
((78,inf),(78,16,29,790),(78,16,29,780),3.9707069397),
((78,inf),(78,15,29,744),(78,15,29,740),3.99180698395),
((78,inf),(78,16,29,706),(78,16,29,696),4.02820181847),
((78,inf),(78,14,29,742),(78,14,29,728),4.47066092491),
((73,inf),(73,33,34,822),(73,33,34,806),20.9557600021),
((73,inf),(73,31,34,788),(73,31,34,762),20.1324570179),
((73,inf),(73,34,34,796),(73,34,34,776),20.0168859959),
((73,inf),(73,26,34,816),(73,26,34,800),21.2698400021),
((73,inf),(73,27,34,806),(73,27,34,780),21.3362441063),
((68,inf),(68,35,44,1038),(68,35,44,1004),55.5541520119),
((68,inf),(68,38,39,880),(68,38,39,838),37.6826488972),
((68,inf),(68,36,39,902),(68,36,39,856),37.1532049179),
((68,inf),(68,27,44,928),(68,27,44,888),52.2112231255),
((68,inf),(68,31,39,870),(68,31,39,852),39.2175400257),
((63,inf),(63,54,64,1334),(63,54,64,1280),117.306936979),
((63,inf),(63,32,44,948),(63,32,44,924),51.1522369385),
((63,inf),(63,36,59,1294),(63,36,59,1238),101.049622059),
((177,35),(108,0,29,438),(108,0,29,438),4.14420008659),
((177,35),(108,0,29,438),(108,0,29,438),4.02194094658),
((177,35),(108,0,29,448),(108,0,29,448),3.7559440136),
((177,35),(108,0,29,444),(108,0,29,444),4.06573081017),
((177,35),(106,0,29,436),(106,0,29,436),3.95160007477),
((106,35),(106,9,29,578),(105,9,29,576),3.98328709602),
((106,35),(106,9,29,578),(105,9,29,576),4.03102207184),
((106,35),(106,7,29,564),(106,7,29,564),4.08197188377),
((106,35),(106,8,29,576),(105,8,29,574),4.15714383125),
((106,35),(106,8,29,574),(105,8,29,572),4.00954794884),
((101,35),(101,14,29,608),(101,14,29,606),3.93857192993),
((101,35),(101,14,29,606),(101,14,29,604),3.94546794891),
((101,35),(101,13,29,602),(101,13,29,600),4.03738117218),
((101,35),(101,14,29,616),(101,14,29,614),4.09211611748),
((101,35),(101,14,29,616),(101,14,29,614),4.23603606224),
((96,35),(96,17,29,652),(96,17,29,646),4.10993289948),
((96,35),(96,17,29,654),(96,17,29,648),3.98111915588),
((96,35),(96,17,29,656),(96,17,29,650),3.92242383957),
((96,35),(96,17,29,652),(96,17,29,646),4.08447790146),
((96,35),(96,17,29,652),(96,17,29,646),3.83728003502),
((91,35),(91,14,29,740),(90,14,29,712),4.0667321682),
((91,35),(91,12,29,736),(91,12,29,696),4.16669797897),
((91,35),(91,12,29,776),(91,12,29,742),4.20196199417),
((91,35),(91,16,29,756),(91,16,29,726),4.31522512436),
((91,35),(91,12,29,756),(91,12,29,706),4.36822986603),
((86,35),(86,7,29,754),(86,7,29,726),4.34737682343),
((86,35),(86,8,29,738),(86,8,29,722),4.25917983055),
((86,35),(86,15,29,746),(86,15,29,728),4.1950750351),
((86,35),(86,12,29,774),(86,12,29,744),3.86365795135),
((86,35),(86,13,29,794),(86,13,29,772),4.02369999886),
((81,35),(81,8,29,734),(81,8,29,714),3.98898696899),
((81,35),(81,8,29,694),(81,8,29,692),4.02090096474),
((81,35),(81,7,29,686),(81,7,29,682),3.90073394775),
((81,35),(81,18,29,788),(81,18,29,738),4.13629078865),
((81,35),(81,13,29,742),(81,13,29,732),3.9340929985),
((76,35),(76,16,29,736),(76,16,29,726),4.12347388268),
((76,35),(76,18,29,734),(76,18,29,730),4.20544099808),
((76,35),(76,14,29,724),(76,14,29,716),5.3515059948),
((76,35),(76,13,29,706),(76,13,29,694),4.35215806961),
((76,35),(76,16,29,768),(76,16,29,732),5.14986300468),
((71,35),(71,26,34,858),(71,26,34,848),21.080217123),
((71,35),(71,25,34,810),(71,25,34,788),20.2108519077),
((71,35),(71,35,34,860),(71,35,34,822),20.6897690296),
((71,35),(71,23,34,852),(71,23,34,840),21.4063198566),
((71,35),(71,35,34,844),(71,35,34,816),20.4282782078),
((66,35),(66,32,44,944),(66,32,44,912),52.6460390091),
((66,35),(66,28,40,886),(66,28,40,854),49.3246660233),
((66,35),(66,27,39,876),(66,27,39,856),41.1252708435),
((66,35),(66,33,44,930),(66,33,44,878),51.2297980785),
((66,35),(66,25,44,1020),(66,25,44,964),55.5339889526),
((177,17),(108,0,29,438),(108,0,29,438),3.96132707596),
((177,17),(108,0,29,438),(108,0,29,438),4.05924391747),
((177,17),(108,0,29,444),(108,0,29,444),4.1295170784),
((177,17),(108,0,29,444),(108,0,29,444),4.01768898964),
((177,17),(108,0,29,438),(108,0,29,438),4.17977118492),
((108,17),(108,0,29,448),(108,0,29,448),4.19942212105),
((108,17),(108,0,29,438),(108,0,29,438),4.21576905251),
((108,17),(108,0,29,438),(108,0,29,438),4.12434601784),
((108,17),(108,0,29,438),(108,0,29,438),3.99513316154),
((108,17),(108,0,29,438),(108,0,29,438),4.00037503242),
((103,17),(103,16,29,662),(103,16,29,658),4.28511810303),
((103,17),(103,16,29,658),(103,16,29,654),4.23816299438),
((103,17),(103,16,29,662),(103,16,29,658),4.35491800308),
((103,17),(103,16,29,662),(103,16,29,658),4.31904792786),
((103,17),(103,16,29,654),(103,16,29,650),4.19152784348),
((98,17),(98,17,29,652),(98,17,29,646),4.12011599541),
((98,17),(98,17,29,652),(98,17,29,648),4.23074507713),
((98,17),(98,17,29,652),(98,17,29,648),4.23960089684),
((98,17),(98,17,29,650),(98,17,29,646),4.25657296181),
((98,17),(98,17,29,650),(98,17,29,646),4.26591682434),
((93,17),(93,9,29,630),(93,9,29,612),4.26086616516),
((93,17),(93,8,29,594),(93,8,29,594),4.29131793976),
((93,17),(93,17,29,656),(93,17,29,652),3.98338198662),
((93,17),(93,7,29,586),(93,7,29,586),4.32156300545),
((93,17),(93,7,29,586),(93,7,29,586),4.01297497749),
((88,17),(88,9,29,712),(88,9,29,698),4.17927479744),
((88,17),(88,17,29,770),(88,17,29,760),4.2408349514),
((88,17),(88,17,29,730),(88,17,29,716),4.2972099781),
((88,17),(88,14,29,742),(88,14,29,708),4.27252101898),
((88,17),(88,17,29,754),(88,17,29,742),4.03962111473),
((83,17),(83,16,29,760),(83,16,29,740),4.46698117256),
((83,17),(83,17,29,788),(83,17,29,764),4.24229621887),
((83,17),(83,14,29,758),(83,14,29,742),4.40106701851),
((83,17),(83,13,29,754),(83,13,29,712),4.25627684593),
((83,17),(83,17,29,764),(83,17,29,746),4.42700409889),
((78,17),(78,15,29,714),(78,15,29,698),4.54620909691),
((78,17),(78,11,29,718),(78,11,29,706),4.26958799362),
((78,17),(78,16,29,736),(78,16,29,728),4.4224691391),
((78,17),(78,17,29,774),(78,17,29,754),4.53461408615),
((78,17),(78,16,29,774),(78,16,29,730),4.36162281036),
((73,17),(73,17,34,808),(73,17,34,794),20.8648409843),
((73,17),(73,17,34,800),(73,17,34,766),21.2340159416),
((73,17),(73,17,34,832),(73,17,34,780),24.7138080597),
((73,17),(73,17,34,838),(73,17,34,810),23.5089199543),
((73,17),(73,17,34,800),(73,17,34,750),19.867839098),
((68,17),(68,17,34,770),(68,17,34,736),24.6144318581),
((68,17),(68,17,39,898),(68,17,39,844),39.2144238949),
((68,17),(68,17,44,1028),(68,17,44,966),59.1928210258),
((68,17),(68,17,39,886),(68,17,39,848),37.9856469631),
((63,17),(63,17,44,890),(63,17,44,836),52.239397049),
((177,8),(108,0,29,438),(108,0,29,438),3.70850491524),
((177,8),(108,0,29,438),(108,0,29,438),3.78828382492),
((177,8),(108,0,29,444),(108,0,29,444),3.77182483673),
((177,8),(108,0,29,444),(108,0,29,444),3.74124002457),
((177,8),(108,0,29,438),(108,0,29,438),3.71466183662),
((108,8),(108,0,29,448),(108,0,29,448),3.78907394409),
((108,8),(108,0,29,438),(108,0,29,438),3.79351711273),
((108,8),(108,0,29,438),(108,0,29,438),3.84311485291),
((108,8),(108,0,29,438),(108,0,29,438),4.08135604858),
((108,8),(108,0,29,438),(108,0,29,438),4.03220415115),
((103,8),(103,8,29,628),(103,8,29,618),4.15923786163),
((103,8),(103,8,29,618),(102,8,29,604),4.03262591362),
((103,8),(103,8,29,614),(103,8,29,604),4.13713002205),
((103,8),(103,8,29,630),(103,8,29,622),4.13732194901),
((103,8),(95,8,29,688),(95,8,29,688),4.09692192078),
((98,8),(98,8,29,558),(98,8,29,554),4.01717686653),
((98,8),(98,8,29,566),(98,8,29,562),4.05961203575),
((98,8),(98,8,29,558),(98,8,29,554),4.06712603569),
((98,8),(98,8,29,558),(98,8,29,554),4.02001404762),
((98,8),(98,8,29,558),(98,8,29,554),4.061825037),
((93,8),(93,8,29,634),(92,8,29,626),4.09042000771),
((93,8),(93,8,29,594),(93,8,29,594),4.0813062191),
((93,8),(93,8,29,616),(93,8,29,614),4.06967401505),
((93,8),(93,7,29,586),(93,7,29,586),4.0871860981),
((93,8),(93,7,29,586),(93,7,29,586),4.18003106117),
((88,8),(88,8,29,710),(88,8,29,696),4.15408205986),
((88,8),(88,8,29,770),(88,8,29,748),4.12972688675),
((88,8),(88,8,29,694),(88,8,29,686),4.08101201057),
((88,8),(88,8,29,722),(88,8,29,706),4.17655301094),
((88,8),(88,8,29,734),(88,8,29,706),4.21459817886),
((83,8),(83,8,29,766),(83,8,29,734),4.23662304878),
((83,8),(83,8,29,750),(83,8,29,716),4.27455496788),
((83,8),(83,8,29,780),(83,8,29,772),4.28376102448),
((83,8),(83,8,29,750),(83,8,29,704),4.26804709435),
((83,8),(83,8,29,744),(83,8,29,722),4.30623912811),
((78,8),(78,8,29,716),(78,8,29,694),4.52924799919),
((78,8),(78,8,29,716),(78,8,29,700),4.33271694183),
((78,8),(78,8,29,732),(78,8,29,728),4.2602519989),
((78,8),(78,8,29,754),(78,8,29,734),4.92557811737),
((78,8),(78,8,29,760),(78,8,29,744),4.4050359726),
((73,8),(73,8,39,876),(73,8,39,830),37.2308549881),
((73,8),(73,8,34,798),(73,8,34,772),27.2166740894),
((73,8),(73,8,39,912),(73,8,39,810),39.7161610126),
((73,8),(73,8,34,802),(73,8,34,780),34.2560698986),
((73,8),(73,8,39,908),(73,8,39,872),38.945360899),
((68,8),(68,8,49,966),(68,8,49,910),77.1667559147),
((68,8),(68,8,54,956),(68,8,54,862),85.6617248058),
((68,8),(68,8,59,1238),(68,8,59,1122),107.664508104),
((68,8),(68,8,49,930),(68,8,49,854),76.4777920246),
((68,8),(68,8,39,832),(68,8,39,798),37.9535717964),
((177,0),(108,0,29,438),(108,0,29,438),3.6433839798),
((177,0),(108,0,29,438),(108,0,29,438),4.02786493301),
((177,0),(108,0,29,438),(108,0,29,438),4.08864402771),
((177,0),(108,0,29,438),(108,0,29,438),3.69229388237),
((177,0),(108,0,29,438),(108,0,29,438),3.99557089806),
((108,0),(108,0,29,438),(108,0,29,438),4.14270401001),
((108,0),(108,0,29,438),(108,0,29,438),4.14646601677),
((108,0),(108,0,29,438),(108,0,29,438),4.1122469902),
((108,0),(108,0,29,438),(108,0,29,438),4.12696790695),
((108,0),(108,0,29,438),(108,0,29,438),4.15523910522),
((103,0),(103,0,29,654),(103,0,29,654),4.23644113541),
((103,0),(102,0,29,676),(101,0,29,634),3.8882329464),
((103,0),(103,0,29,668),(103,0,29,668),4.24185109138),
((103,0),(99,0,29,662),(99,0,29,652),4.11238288879),
((103,0),(101,0,29,646),(101,0,29,640),4.27603793144),
((98,0),(96,0,29,696),(95,0,29,660),4.08260703087),
((98,0),(98,0,29,542),(98,0,29,542),4.24927306175),
((98,0),(98,0,29,542),(98,0,29,542),4.13077783585),
((98,0),(94,0,29,684),(93,0,29,662),4.14919114113),
((98,0),(98,0,29,660),(98,0,29,660),4.21617007256),
((93,0),(93,0,29,626),(93,0,29,614),4.11400604248),
((93,0),(93,0,29,592),(93,0,29,584),4.01578497887),
((93,0),(84,0,29,640),(84,0,29,640),4.24620890617),
((93,0),(89,0,29,722),(87,0,29,690),3.90019917488),
((93,0),(93,0,29,718),(93,0,29,648),4.23687505722),
((88,0),(88,0,29,700),(88,0,29,676),4.11131811142),
((88,0),(87,0,29,658),(87,0,29,658),4.23047685623),
((88,0),(88,0,29,698),(86,0,29,666),4.27430200577),
((88,0),(88,0,29,762),(88,0,29,702),3.95898485184),
((88,0),(88,0,29,692),(88,0,29,654),4.27621483803),
((83,0),(83,0,29,632),(83,0,29,632),4.17999196053),
((83,0),(83,0,29,692),(83,0,29,682),4.30270004272),
((83,0),(83,0,29,632),(83,0,29,632),3.84028816223),
((83,0),(83,0,29,632),(83,0,29,632),3.81419706345),
((83,0),(83,0,29,632),(83,0,29,632),3.77549505234),
((78,0),(78,0,29,662),(78,0,29,644),4.80648803711),
((78,0),(78,0,29,666),(78,0,29,662),7.79265093803),
((78,0),(78,0,29,672),(78,0,29,668),4.25700688362),
((78,0),(78,0,29,704),(78,0,29,674),6.29514312744),
((78,0),(78,0,29,692),(78,0,29,676),4.14405894279),
((73,0),(73,0,34,714),(73,0,34,662),24.9553539753),
((73,0),(73,0,34,764),(73,0,34,718),31.1769719124),
((73,0),(73,0,39,802),(73,0,39,714),47.1502790451),
((73,0),(73,0,39,758),(73,0,39,704),39.802549839),
((73,0),(73,0,34,714),(73,0,34,672),20.7913408279),
((68,0),(68,0,34,712),(68,0,34,682),25.2267618179),
((68,0),(68,0,39,782),(68,0,39,726),44.9944589138),
((68,0),(68,0,59,896),(68,0,59,762),103.687899113),
((68,0),(68,0,44,784),(68,0,44,680),58.8405380249),
