(SAT 401,0,47,(inf,inf),36.0889010429),
(OPT1 3299,401,0)
(OPT1 3299,401,0)
(OPT1 3299,324,0)
(OPT1 3299,292,0)
(OPT1 3299,292,0)
(OPT1 3299,292,0)
(OPT1 3299,292,0)
(OPT1 3299,292,0)
(OPT1 3299,292,0)
(OPT1 3297,292,0)
(OPT1 3297,292,0)
(OPT1 3297,292,0)
(OPT1 3297,292,0)
(OPT1 3297,292,0)
(OPT1 3297,292,0)
(OPT1 3297,292,0)
(OPT1 3297,292,0)
(OPT1 3297,292,0)
(OPTIMIZER_1_RUNTIME 92.3347508907)
(OPT2 3299,401,0)
(OPT2 3299,401,0)
(OPT2 3299,401,0)
(OPT2 3299,401,0)
(OPT2 3299,324,0)
(OPT2 3299,292,0)
(OPT2 3299,292,0)
(OPT2 3299,292,0)
(OPT2 3299,292,0)
(OPT2 3299,292,0)
(OPT2 3299,292,0)
(OPT2 3297,292,0)
(OPT2 3297,292,0)
(OPT2 3297,292,0)
(OPT2 3297,292,0)
(OPT2 3297,292,0)
(OPT2 3297,292,0)
(OPT2 3297,292,0)
(OPTIMIZER_2_RUNTIME 93.5865430832)
(OPT_RND 3299,401,0)
(OPT_RND 3299,401,0)
(OPT_RND 3299,401,0)
(OPT_RND 3299,324,0)
(OPT_RND 3299,324,0)
(OPT_RND 3299,324,0)
(OPT_RND 3299,324,0)
(OPT_RND 3299,324,0)
(OPT_RND 3299,324,0)
(OPT_RND 3299,288,0)
(OPT_RND 3299,288,0)
(OPT_RND 3299,288,0)
(OPT_RND 3299,288,0)
(OPT_RND 3299,288,0)
(OPT_RND 3299,288,0)
(OPT_RND 3299,288,0)
(OPT_RND 3299,288,0)
(OPT_RND 3299,288,0)
(OPTIMIZER_RND_RUNTIME 91.1233990192)
(OPT_RND 3299,401,0)
(OPT_RND 3299,324,0)
(OPT_RND 3299,324,0)
(OPT_RND 3299,324,0)
(OPT_RND 3299,324,0)
(OPT_RND 3299,324,0)
(OPT_RND 3299,324,0)
(OPT_RND 3299,324,0)
(OPT_RND 3299,324,0)
(OPT_RND 3299,324,0)
(OPT_RND 3299,324,0)
(OPT_RND 3299,324,0)
(OPTIMIZER_RND_RUNTIME 53.5771150589)
(OPT_RND 3299,401,0)
(OPT_RND 3299,401,0)
(OPT_RND 3299,401,0)
(OPT_RND 3299,324,0)
(OPT_RND 3299,294,0)
(OPT_RND 3299,294,0)
(OPT_RND 3299,294,0)
(OPT_RND 3299,288,0)
(OPT_RND 3299,288,0)
(OPT_RND 3299,288,0)
(OPT_RND 3299,288,0)
(OPT_RND 3299,288,0)
(OPT_RND 3299,288,0)
(OPT_RND 3299,288,0)
(OPT_RND 3299,288,0)
(OPT_RND 3299,288,0)
(OPT_RND 3299,288,0)
(OPT_RND 3299,288,0)
(OPTIMIZER_RND_RUNTIME 87.0365140438)
(SAT 416,1,47,(inf,inf),38.1049189568),
(OPT1 3287,416,1)
(OPT1 3283,416,1)
(OPT1 3283,334,1)
(OPT1 3275,293,1)
(OPT1 3271,293,0)
(OPT1 3271,293,0)
(OPT1 3271,293,0)
(OPT1 3265,293,0)
(OPT1 3265,292,0)
(OPT1 3257,292,0)
(OPT1 3257,292,0)
(OPT1 3257,292,0)
(OPT1 3257,292,0)
(OPT1 3257,292,0)
(OPT1 3257,292,0)
(OPT1 3255,292,0)
(OPT1 3255,292,0)
(OPT1 3255,292,0)
(OPT1 3255,292,0)
(OPT1 3255,292,0)
(OPT1 3255,292,0)
(OPT1 3255,292,0)
(OPT1 3255,292,0)
(OPT1 3255,292,0)
(OPTIMIZER_1_RUNTIME 119.244025946)
(OPT2 3287,416,1)
(OPT2 3283,416,0)
(OPT2 3283,416,0)
(OPT2 3273,416,0)
(OPT2 3273,334,0)
(OPT2 3265,293,0)
(OPT2 3265,293,0)
(OPT2 3265,293,0)
(OPT2 3265,293,0)
(OPT2 3265,293,0)
(OPT2 3265,292,0)
(OPT2 3257,292,0)
(OPT2 3257,292,0)
(OPT2 3257,292,0)
(OPT2 3257,292,0)
(OPT2 3257,292,0)
(OPT2 3257,292,0)
(OPT2 3255,292,0)
(OPT2 3255,292,0)
(OPT2 3255,292,0)
(OPT2 3255,292,0)
(OPT2 3255,292,0)
(OPT2 3255,292,0)
(OPT2 3255,292,0)
(OPTIMIZER_2_RUNTIME 118.763140202)
(OPT_RND 3283,416,0)
(OPT_RND 3283,416,0)
(OPT_RND 3283,416,0)
(OPT_RND 3273,332,0)
(OPT_RND 3273,332,0)
(OPT_RND 3273,332,0)
(OPT_RND 3273,332,0)
(OPT_RND 3273,332,0)
(OPT_RND 3273,332,0)
(OPT_RND 3273,291,0)
(OPT_RND 3273,291,0)
(OPT_RND 3273,291,0)
(OPT_RND 3273,291,0)
(OPT_RND 3273,291,0)
(OPT_RND 3273,291,0)
(OPT_RND 3253,291,0)
(OPT_RND 3253,291,0)
(OPT_RND 3253,291,0)
(OPT_RND 3253,291,0)
(OPT_RND 3253,291,0)
(OPT_RND 3253,291,0)
(OPT_RND 3253,291,0)
(OPT_RND 3253,291,0)
(OPT_RND 3253,291,0)
(OPTIMIZER_RND_RUNTIME 116.069359064)
(OPT_RND 3287,416,1)
(OPT_RND 3283,332,1)
(OPT_RND 3279,332,0)
(OPT_RND 3279,332,0)
(OPT_RND 3273,332,0)
(OPT_RND 3273,332,0)
(OPT_RND 3273,332,0)
(OPT_RND 3273,332,0)
(OPT_RND 3273,332,0)
(OPT_RND 3273,332,0)
(OPT_RND 3273,332,0)
(OPT_RND 3273,332,0)
(OPTIMIZER_RND_RUNTIME 51.0749080181)
(OPT_RND 3287,416,1)
(OPT_RND 3287,416,1)
(OPT_RND 3287,416,1)
(OPT_RND 3283,332,1)
(OPT_RND 3283,292,1)
(OPT_RND 3279,292,1)
(OPT_RND 3279,292,1)
(OPT_RND 3279,291,1)
(OPT_RND 3265,291,1)
(OPT_RND 3265,291,1)
(OPT_RND 3265,291,1)
(OPT_RND 3265,291,1)
(OPT_RND 3261,291,0)
(OPT_RND 3261,291,0)
(OPT_RND 3261,291,0)
(OPT_RND 3261,291,0)
(OPT_RND 3255,291,0)
(OPT_RND 3255,291,0)
(OPT_RND 3255,291,0)
(OPT_RND 3251,291,0)
(OPT_RND 3251,291,0)
(OPT_RND 3251,291,0)
(OPT_RND 3251,291,0)
(OPT_RND 3251,291,0)
(OPT_RND 3251,291,0)
(OPT_RND 3251,291,0)
(OPT_RND 3251,291,0)
(OPT_RND 3251,291,0)
(OPT_RND 3251,291,0)
(OPT_RND 3251,291,0)
(OPTIMIZER_RND_RUNTIME 143.935272932)
(SAT 401,0,47,(inf,inf),37.334695816),
(OPT1 3247,401,0)
(OPT1 3247,401,0)
(OPT1 3247,328,0)
(OPT1 3247,287,0)
(OPT1 3247,287,0)
(OPT1 3247,287,0)
(OPT1 3247,287,0)
(OPT1 3247,287,0)
(OPT1 3247,287,0)
(OPT1 3247,287,0)
(OPT1 3247,287,0)
(OPT1 3247,287,0)
(OPTIMIZER_1_RUNTIME 65.7337999344)
(OPT2 3247,401,0)
(OPT2 3247,401,0)
(OPT2 3247,401,0)
(OPT2 3247,401,0)
(OPT2 3247,328,0)
(OPT2 3247,287,0)
(OPT2 3247,287,0)
(OPT2 3247,287,0)
(OPT2 3247,287,0)
(OPT2 3247,287,0)
(OPT2 3247,287,0)
(OPT2 3247,287,0)
(OPTIMIZER_2_RUNTIME 67.0531871319)
(OPT_RND 3247,401,0)
(OPT_RND 3247,401,0)
(OPT_RND 3247,401,0)
(OPT_RND 3247,323,0)
(OPT_RND 3247,323,0)
(OPT_RND 3247,323,0)
(OPT_RND 3247,323,0)
(OPT_RND 3247,323,0)
(OPT_RND 3247,323,0)
(OPT_RND 3247,286,0)
(OPT_RND 3247,286,0)
(OPT_RND 3247,286,0)
(OPT_RND 3247,286,0)
(OPT_RND 3247,286,0)
(OPT_RND 3247,286,0)
(OPT_RND 3247,286,0)
(OPT_RND 3247,286,0)
(OPT_RND 3247,286,0)
(OPTIMIZER_RND_RUNTIME 91.1160349846)
(OPT_RND 3247,401,0)
(OPT_RND 3247,323,0)
(OPT_RND 3247,323,0)
(OPT_RND 3247,323,0)
(OPT_RND 3247,323,0)
(OPT_RND 3247,323,0)
(OPT_RND 3247,323,0)
(OPT_RND 3247,323,0)
(OPT_RND 3247,323,0)
(OPT_RND 3247,323,0)
(OPT_RND 3247,323,0)
(OPT_RND 3247,323,0)
(OPTIMIZER_RND_RUNTIME 52.6222128868)
(OPT_RND 3247,401,0)
(OPT_RND 3247,401,0)
(OPT_RND 3247,401,0)
(OPT_RND 3247,323,0)
(OPT_RND 3247,291,0)
(OPT_RND 3247,291,0)
(OPT_RND 3247,291,0)
(OPT_RND 3247,286,0)
(OPT_RND 3247,286,0)
(OPT_RND 3247,286,0)
(OPT_RND 3247,286,0)
(OPT_RND 3247,286,0)
(OPT_RND 3247,286,0)
(OPT_RND 3247,286,0)
(OPT_RND 3247,286,0)
(OPT_RND 3247,286,0)
(OPT_RND 3247,286,0)
(OPT_RND 3247,286,0)
(OPTIMIZER_RND_RUNTIME 86.0673680305)
(SAT 396,279,57,(396,inf),216.379942894),
(OPT1 11495,396,252)
(OPT1 9171,392,252)
(OPT1 9171,329,252)
(OPT1 9103,270,252)
(OPT1 6367,396,37)
(OPT1 6367,396,37)
(OPT1 6367,396,24)
(OPT1 4651,377,24)
(OPT1 4651,333,24)
(OPT1 4269,306,24)
(OPT1 4197,311,0)
(OPT1 4197,311,0)
(OPT1 4197,311,0)
(OPT1 4115,311,0)
(OPT1 4115,307,0)
(OPT1 4097,301,0)
(OPT1 4097,301,0)
(OPT1 4097,301,0)
(OPT1 4097,301,0)
(OPT1 4097,301,0)
(OPT1 4097,300,0)
(OPT1 4097,300,0)
(OPT1 4097,300,0)
(OPT1 4097,300,0)
(OPT1 4097,300,0)
(OPT1 4097,300,0)
(OPT1 4097,300,0)
(OPT1 4097,300,0)
(OPT1 4097,300,0)
(OPT1 4097,300,0)
(OPTIMIZER_1_RUNTIME 451.545344114)
(OPT2 11495,396,252)
(OPT2 11125,396,189)
(OPT2 11125,396,189)
(OPT2 8585,394,189)
(OPT2 8585,374,189)
(OPT2 8493,300,189)
(OPT2 8493,300,145)
(OPT2 6477,393,0)
(OPT2 6477,393,0)
(OPT2 4693,364,0)
(OPT2 4693,316,0)
(OPT2 4293,297,0)
(OPT2 4293,297,0)
(OPT2 4293,297,0)
(OPT2 4293,297,0)
(OPT2 4263,297,0)
(OPT2 4263,294,0)
(OPT2 4255,293,0)
(OPT2 4255,293,0)
(OPT2 4255,293,0)
(OPT2 4255,293,0)
(OPT2 4255,293,0)
(OPT2 4255,292,0)
(OPT2 4243,292,0)
(OPT2 4243,292,0)
(OPT2 4243,292,0)
(OPT2 4243,292,0)
(OPT2 4239,292,0)
(OPT2 4239,292,0)
(OPT2 4239,292,0)
(OPT2 4239,292,0)
(OPT2 4239,292,0)
(OPT2 4239,292,0)
(OPT2 4239,292,0)
(OPT2 4239,292,0)
(OPT2 4239,292,0)
(OPTIMIZER_2_RUNTIME 561.517666101)
(OPT_RND 11077,396,214)
(OPT_RND 11077,396,214)
(OPT_RND 11077,396,129)
(OPT_RND 8167,299,129)
(OPT_RND 8079,296,129)
(OPT_RND 8073,296,129)
(OPT_RND 8065,296,129)
(OPT_RND 8061,296,129)
(OPT_RND 7981,329,94)
(OPT_RND 7981,307,94)
(OPT_RND 6597,381,0)
(OPT_RND 6597,381,0)
(OPT_RND 6597,381,0)
(OPT_RND 6597,381,0)
(OPT_RND 6597,308,0)
(OPT_RND 5203,302,0)
(OPT_RND 5203,302,0)
(OPT_RND 4929,298,0)
(OPT_RND 4929,298,0)
(OPT_RND 4875,298,0)
(OPT_RND 4875,298,0)
(OPT_RND 4875,298,0)
(OPT_RND 4873,298,0)
(OPT_RND 4873,298,0)
(OPT_RND 4823,278,0)
(OPT_RND 4823,278,0)
(OPT_RND 4817,278,0)
(OPT_RND 4817,278,0)
(OPT_RND 4817,278,0)
(OPT_RND 4817,270,0)
(OPT_RND 4817,270,0)
(OPT_RND 4817,270,0)
(OPT_RND 4817,270,0)
(OPT_RND 4817,270,0)
(OPT_RND 4817,270,0)
(OPT_RND 4817,270,0)
(OPTIMIZER_RND_RUNTIME 576.145171881)
(OPT_RND 11407,396,261)
(OPT_RND 9215,344,261)
(OPT_RND 6847,396,105)
(OPT_RND 6847,396,55)
(OPT_RND 5355,383,55)
(OPT_RND 5153,337,55)
(OPT_RND 5143,343,50)
(OPT_RND 5143,343,50)
(OPT_RND 5143,343,50)
(OPT_RND 5121,343,50)
(OPT_RND 4723,387,0)
(OPT_RND 4723,387,0)
(OPT_RND 4723,387,0)
(OPT_RND 4337,375,0)
(OPT_RND 4337,303,0)
(OPT_RND 4337,303,0)
(OPT_RND 4337,303,0)
(OPT_RND 4337,303,0)
(OPT_RND 4337,303,0)
(OPT_RND 4151,293,0)
(OPT_RND 4151,293,0)
(OPT_RND 4151,293,0)
(OPT_RND 4151,293,0)
(OPT_RND 4151,293,0)
(OPT_RND 4151,293,0)
(OPT_RND 4151,293,0)
(OPT_RND 4111,293,0)
(OPT_RND 4111,293,0)
(OPT_RND 4111,293,0)
(OPT_RND 4111,293,0)
(OPT_RND 4111,293,0)
(OPT_RND 4111,293,0)
(OPT_RND 4111,293,0)
(OPT_RND 4111,293,0)
(OPT_RND 4111,293,0)
(OPT_RND 4111,293,0)
(OPTIMIZER_RND_RUNTIME 655.89938283)
(OPT_RND 11495,396,252)
(OPT_RND 11479,396,238)
(OPT_RND 11479,396,235)
(OPT_RND 9085,331,235)
(OPT_RND 9085,292,235)
(OPT_RND 9053,292,235)
(OPT_RND 9053,292,235)
(OPT_RND 9053,291,235)
(OPT_RND 9049,291,235)
(OPT_RND 9049,291,235)
(OPT_RND 8975,318,214)
(OPT_RND 8975,315,214)
(OPT_RND 6345,396,11)
(OPT_RND 6345,396,11)
(OPT_RND 6345,396,11)
(OPT_RND 6345,396,11)
(OPT_RND 4387,338,11)
(OPT_RND 4351,342,0)
(OPT_RND 4351,305,0)
(OPT_RND 4101,297,0)
(OPT_RND 4085,297,0)
(OPT_RND 4085,295,0)
(OPT_RND 4085,295,0)
(OPT_RND 4085,295,0)
(OPT_RND 4085,295,0)
(OPT_RND 4085,295,0)
(OPT_RND 4085,295,0)
(OPT_RND 4085,295,0)
(OPT_RND 4085,295,0)
(OPT_RND 4085,295,0)
(OPTIMIZER_RND_RUNTIME 670.261326075)
(SAT 380,0,47,(396,inf),39.1877470016),
(OPT1 3277,380,0)
(OPT1 3277,380,0)
(OPT1 3277,316,0)
(OPT1 3275,286,0)
(OPT1 3275,286,0)
(OPT1 3275,286,0)
(OPT1 3275,286,0)
(OPT1 3275,286,0)
(OPT1 3275,284,0)
(OPT1 3275,284,0)
(OPT1 3275,284,0)
(OPT1 3275,284,0)
(OPT1 3275,284,0)
(OPT1 3275,284,0)
(OPT1 3275,284,0)
(OPT1 3273,284,0)
(OPT1 3273,284,0)
(OPT1 3273,284,0)
(OPT1 3273,284,0)
(OPT1 3273,284,0)
(OPT1 3273,284,0)
(OPT1 3273,284,0)
(OPT1 3273,284,0)
(OPT1 3273,284,0)
(OPTIMIZER_1_RUNTIME 117.430596113)
(OPT2 3277,380,0)
(OPT2 3277,380,0)
(OPT2 3277,380,0)
(OPT2 3277,380,0)
(OPT2 3277,316,0)
(OPT2 3275,286,0)
(OPT2 3275,286,0)
(OPT2 3275,286,0)
(OPT2 3275,286,0)
(OPT2 3275,286,0)
(OPT2 3275,284,0)
(OPT2 3275,284,0)
(OPT2 3275,284,0)
(OPT2 3275,284,0)
(OPT2 3275,284,0)
(OPT2 3275,284,0)
(OPT2 3275,284,0)
(OPT2 3273,284,0)
(OPT2 3273,284,0)
(OPT2 3273,284,0)
(OPT2 3273,284,0)
(OPT2 3273,284,0)
(OPT2 3273,284,0)
(OPT2 3273,284,0)
(OPTIMIZER_2_RUNTIME 119.83536005)
(OPT_RND 3277,380,0)
(OPT_RND 3277,380,0)
(OPT_RND 3277,380,0)
(OPT_RND 3277,317,0)
(OPT_RND 3277,317,0)
(OPT_RND 3277,317,0)
(OPT_RND 3277,317,0)
(OPT_RND 3277,317,0)
(OPT_RND 3277,317,0)
(OPT_RND 3277,282,0)
(OPT_RND 3277,282,0)
(OPT_RND 3277,282,0)
(OPT_RND 3277,282,0)
(OPT_RND 3277,282,0)
(OPT_RND 3277,282,0)
(OPT_RND 3273,282,0)
(OPT_RND 3273,282,0)
(OPT_RND 3273,282,0)
(OPT_RND 3273,282,0)
(OPT_RND 3273,282,0)
(OPT_RND 3273,282,0)
(OPT_RND 3273,282,0)
(OPT_RND 3273,282,0)
(OPT_RND 3273,282,0)
(OPTIMIZER_RND_RUNTIME 115.585762978)
(OPT_RND 3277,380,0)
(OPT_RND 3277,317,0)
(OPT_RND 3277,317,0)
(OPT_RND 3277,317,0)
(OPT_RND 3277,317,0)
(OPT_RND 3277,317,0)
(OPT_RND 3277,317,0)
(OPT_RND 3277,317,0)
(OPT_RND 3277,317,0)
(OPT_RND 3277,317,0)
(OPT_RND 3277,317,0)
(OPT_RND 3277,317,0)
(OPTIMIZER_RND_RUNTIME 52.9733109474)
(OPT_RND 3277,380,0)
(OPT_RND 3277,380,0)
(OPT_RND 3277,380,0)
(OPT_RND 3277,317,0)
(OPT_RND 3277,287,0)
(OPT_RND 3275,287,0)
(OPT_RND 3275,287,0)
(OPT_RND 3275,282,0)
(OPT_RND 3273,282,0)
(OPT_RND 3273,282,0)
(OPT_RND 3273,282,0)
(OPT_RND 3273,282,0)
(OPT_RND 3273,282,0)
(OPT_RND 3273,282,0)
(OPT_RND 3273,282,0)
(OPT_RND 3273,282,0)
(OPT_RND 3273,282,0)
(OPT_RND 3273,282,0)
(OPTIMIZER_RND_RUNTIME 86.1046350002)
(SAT 375,302,62,(375,inf),232.322451115),
(OPT1 10633,375,283)
(OPT1 8583,367,283)
(OPT1 8583,321,283)
(OPT1 8473,270,283)
(OPT1 6309,375,76)
(OPT1 6309,375,76)
(OPT1 6309,375,55)
(OPT1 4967,363,55)
(OPT1 4967,314,55)
(OPT1 4671,282,55)
(OPT1 4399,321,0)
(OPT1 4399,321,0)
(OPT1 4399,321,0)
(OPT1 4155,316,0)
(OPT1 4155,305,0)
(OPT1 4121,300,0)
(OPT1 4121,300,0)
(OPT1 4121,300,0)
(OPT1 4121,300,0)
(OPT1 4121,300,0)
(OPT1 4121,299,0)
(OPT1 4121,299,0)
(OPT1 4121,299,0)
(OPT1 4121,299,0)
(OPT1 4121,299,0)
(OPT1 4121,299,0)
(OPT1 4121,299,0)
(OPT1 4121,299,0)
(OPT1 4121,299,0)
(OPT1 4121,299,0)
(OPTIMIZER_1_RUNTIME 425.419088125)
(OPT2 10633,375,283)
(OPT2 10299,375,233)
(OPT2 10299,375,233)
(OPT2 7981,372,233)
(OPT2 7981,356,233)
(OPT2 7831,288,233)
(OPT2 7831,288,181)
(OPT2 6191,375,35)
(OPT2 6191,375,35)
(OPT2 4867,359,35)
(OPT2 4867,312,35)
(OPT2 4589,287,35)
(OPT2 4589,287,25)
(OPT2 4445,303,0)
(OPT2 4445,303,0)
(OPT2 4257,297,0)
(OPT2 4257,293,0)
(OPT2 4245,288,0)
(OPT2 4245,288,0)
(OPT2 4245,288,0)
(OPT2 4245,288,0)
(OPT2 4245,288,0)
(OPT2 4245,287,0)
(OPT2 4245,287,0)
(OPT2 4245,287,0)
(OPT2 4245,287,0)
(OPT2 4245,287,0)
(OPT2 4245,287,0)
(OPT2 4245,287,0)
(OPT2 4245,287,0)
(OPTIMIZER_2_RUNTIME 488.53250289)
(OPT_RND 10271,375,248)
(OPT_RND 10271,375,248)
(OPT_RND 10271,375,155)
(OPT_RND 7543,296,155)
(OPT_RND 7479,296,155)
(OPT_RND 7465,296,155)
(OPT_RND 7461,296,155)
(OPT_RND 7461,296,155)
(OPT_RND 7387,336,118)
(OPT_RND 7387,318,118)
(OPT_RND 6225,375,15)
(OPT_RND 6225,375,12)
(OPT_RND 6225,375,13)
(OPT_RND 6225,375,12)
(OPT_RND 6225,317,12)
(OPT_RND 5147,315,12)
(OPT_RND 5147,315,12)
(OPT_RND 4967,311,12)
(OPT_RND 4967,311,12)
(OPT_RND 4943,311,12)
(OPT_RND 4943,311,12)
(OPT_RND 4943,311,12)
(OPT_RND 4941,311,12)
(OPT_RND 4867,320,0)
(OPT_RND 4713,292,0)
(OPT_RND 4713,292,0)
(OPT_RND 4685,292,0)
(OPT_RND 4685,292,0)
(OPT_RND 4685,292,0)
(OPT_RND 4685,280,0)
(OPT_RND 4669,279,0)
(OPT_RND 4669,279,0)
(OPT_RND 4669,279,0)
(OPT_RND 4669,279,0)
(OPT_RND 4669,279,0)
(OPT_RND 4669,279,0)
(OPT_RND 4669,279,0)
(OPT_RND 4669,279,0)
(OPT_RND 4669,279,0)
(OPT_RND 4669,279,0)
(OPT_RND 4669,279,0)
(OPT_RND 4669,279,0)
(OPTIMIZER_RND_RUNTIME 602.378109217)
(OPT_RND 10579,375,281)
(OPT_RND 8587,318,281)
(OPT_RND 6607,375,146)
(OPT_RND 6607,375,89)
(OPT_RND 5357,362,89)
(OPT_RND 5181,328,89)
(OPT_RND 5171,351,67)
(OPT_RND 5171,351,67)
(OPT_RND 5171,351,67)
(OPT_RND 5161,351,67)
(OPT_RND 4871,375,33)
(OPT_RND 4871,375,33)
(OPT_RND 4871,375,33)
(OPT_RND 4615,371,33)
(OPT_RND 4615,306,33)
(OPT_RND 4451,326,0)
(OPT_RND 4451,326,0)
(OPT_RND 4451,311,0)
(OPT_RND 4451,311,0)
(OPT_RND 4171,301,0)
(OPT_RND 4171,301,0)
(OPT_RND 4171,296,0)
(OPT_RND 4171,296,0)
(OPT_RND 4171,296,0)
(OPT_RND 4171,296,0)
(OPT_RND 4171,296,0)
(OPT_RND 4129,296,0)
(OPT_RND 4129,296,0)
(OPT_RND 4129,296,0)
(OPT_RND 4129,296,0)
(OPT_RND 4129,296,0)
(OPT_RND 4129,296,0)
(OPT_RND 4129,296,0)
(OPT_RND 4129,296,0)
(OPT_RND 4129,296,0)
(OPT_RND 4129,296,0)
(OPTIMIZER_RND_RUNTIME 544.071277857)
(OPT_RND 10633,375,283)
(OPT_RND 10625,375,263)
(OPT_RND 10625,375,262)
(OPT_RND 8513,309,262)
(OPT_RND 8513,287,262)
(OPT_RND 8459,287,262)
(OPT_RND 8459,287,262)
(OPT_RND 8459,287,262)
(OPT_RND 8451,287,262)
(OPT_RND 8451,287,262)
(OPT_RND 8393,329,243)
(OPT_RND 8393,328,243)
(OPT_RND 6309,375,64)
(OPT_RND 6309,375,64)
(OPT_RND 6309,375,64)
(OPT_RND 6309,375,64)
(OPT_RND 4907,339,64)
(OPT_RND 4657,375,23)
(OPT_RND 4657,322,23)
(OPT_RND 4297,308,23)
(OPT_RND 4281,307,23)
(OPT_RND 4281,302,23)
(OPT_RND 4279,302,23)
(OPT_RND 4279,302,23)
(OPT_RND 4215,315,0)
(OPT_RND 4163,308,0)
(OPT_RND 4163,308,0)
(OPT_RND 4163,308,0)
(OPT_RND 4163,308,0)
(OPT_RND 4161,308,0)
(OPT_RND 4161,308,0)
(OPT_RND 4161,303,0)
(OPT_RND 4161,303,0)
(OPT_RND 4161,303,0)
(OPT_RND 4161,303,0)
(OPT_RND 4161,303,0)
(OPT_RND 4161,303,0)
(OPT_RND 4161,303,0)
(OPT_RND 4153,303,0)
(OPT_RND 4153,303,0)
(OPT_RND 4153,303,0)
(OPT_RND 4153,303,0)
(OPT_RND 4153,303,0)
(OPT_RND 4145,303,0)
(OPT_RND 4145,303,0)
(OPT_RND 4145,303,0)
(OPT_RND 4145,303,0)
(OPT_RND 4145,303,0)
(OPT_RND 4145,303,0)
(OPT_RND 4145,303,0)
(OPT_RND 4145,303,0)
(OPT_RND 4145,303,0)
(OPT_RND 4145,303,0)
(OPT_RND 4145,303,0)
(OPTIMIZER_RND_RUNTIME 750.406283855)
(SAT 375,220,62,(375,inf),229.130840778),
(OPT1 9733,375,202)
(OPT1 7907,368,202)
(OPT1 7907,325,202)
(OPT1 7777,273,202)
(OPT1 5769,375,27)
(OPT1 5769,375,27)
(OPT1 5769,375,20)
(OPT1 4381,356,20)
(OPT1 4381,320,20)
(OPT1 4223,291,20)
(OPT1 4149,304,0)
(OPT1 4149,304,0)
(OPT1 4149,304,0)
(OPT1 4071,303,0)
(OPT1 4071,299,0)
(OPT1 4033,298,0)
(OPT1 4033,298,0)
(OPT1 4033,298,0)
(OPT1 4033,298,0)
(OPT1 4029,298,0)
(OPT1 4029,298,0)
(OPT1 4029,298,0)
(OPT1 4029,298,0)
(OPT1 4029,298,0)
(OPT1 4029,298,0)
(OPT1 4029,298,0)
(OPT1 4029,298,0)
(OPT1 4029,298,0)
(OPT1 4029,298,0)
(OPT1 4029,298,0)
(OPTIMIZER_1_RUNTIME 359.529780149)
(OPT2 9733,375,202)
(OPT2 9379,375,171)
(OPT2 9379,375,171)
(OPT2 7225,374,171)
(OPT2 7225,358,171)
(OPT2 7053,288,171)
(OPT2 7053,288,125)
(OPT2 5643,371,0)
(OPT2 5643,371,0)
(OPT2 4345,350,0)
(OPT2 4345,303,0)
(OPT2 4157,288,0)
(OPT2 4157,288,0)
(OPT2 4157,288,0)
(OPT2 4157,288,0)
(OPT2 4149,288,0)
(OPT2 4149,286,0)
(OPT2 4133,286,0)
(OPT2 4133,286,0)
(OPT2 4133,286,0)
(OPT2 4133,286,0)
(OPT2 4129,286,0)
(OPT2 4129,286,0)
(OPT2 4129,286,0)
(OPT2 4129,286,0)
(OPT2 4129,286,0)
(OPT2 4129,286,0)
(OPT2 4129,286,0)
(OPT2 4129,286,0)
(OPT2 4129,286,0)
(OPTIMIZER_2_RUNTIME 424.125398874)
(OPT_RND 9351,375,189)
(OPT_RND 9351,375,189)
(OPT_RND 9351,375,112)
(OPT_RND 6819,299,112)
(OPT_RND 6755,299,112)
(OPT_RND 6755,299,112)
(OPT_RND 6755,299,112)
(OPT_RND 6755,299,112)
(OPT_RND 6707,337,74)
(OPT_RND 6707,308,74)
(OPT_RND 5715,363,0)
(OPT_RND 5715,363,0)
(OPT_RND 5715,363,0)
(OPT_RND 5715,363,0)
(OPT_RND 5715,297,0)
(OPT_RND 4711,294,0)
(OPT_RND 4711,294,0)
(OPT_RND 4573,290,0)
(OPT_RND 4573,290,0)
(OPT_RND 4543,290,0)
(OPT_RND 4543,290,0)
(OPT_RND 4543,290,0)
(OPT_RND 4533,290,0)
(OPT_RND 4533,290,0)
(OPT_RND 4523,280,0)
(OPT_RND 4523,280,0)
(OPT_RND 4523,280,0)
(OPT_RND 4523,280,0)
(OPT_RND 4523,280,0)
(OPT_RND 4523,274,0)
(OPT_RND 4499,274,0)
(OPT_RND 4499,274,0)
(OPT_RND 4495,274,0)
(OPT_RND 4495,274,0)
(OPT_RND 4495,274,0)
(OPT_RND 4495,274,0)
(OPT_RND 4495,274,0)
(OPT_RND 4495,274,0)
(OPT_RND 4495,274,0)
(OPT_RND 4495,274,0)
(OPT_RND 4495,274,0)
(OPT_RND 4495,274,0)
(OPTIMIZER_RND_RUNTIME 519.570487976)
(OPT_RND 9639,375,204)
(OPT_RND 7835,309,204)
(OPT_RND 6067,375,107)
(OPT_RND 6067,375,64)
(OPT_RND 4823,355,64)
(OPT_RND 4703,320,64)
(OPT_RND 4701,352,51)
(OPT_RND 4701,352,51)
(OPT_RND 4701,352,51)
(OPT_RND 4685,352,51)
(OPT_RND 4407,375,6)
(OPT_RND 4407,375,6)
(OPT_RND 4407,375,6)
(OPT_RND 4149,359,6)
(OPT_RND 4149,303,6)
(OPT_RND 4133,303,0)
(OPT_RND 4133,303,0)
(OPT_RND 4133,296,0)
(OPT_RND 4133,296,0)
(OPT_RND 4047,291,0)
(OPT_RND 4047,291,0)
(OPT_RND 4047,291,0)
(OPT_RND 4047,291,0)
(OPT_RND 4047,291,0)
(OPT_RND 4047,290,0)
(OPT_RND 4047,290,0)
(OPT_RND 4035,290,0)
(OPT_RND 4035,290,0)
(OPT_RND 4035,290,0)
(OPT_RND 4035,290,0)
(OPT_RND 4035,290,0)
(OPT_RND 4035,290,0)
(OPT_RND 4035,290,0)
(OPT_RND 4035,290,0)
(OPT_RND 4035,290,0)
(OPT_RND 4035,290,0)
(OPTIMIZER_RND_RUNTIME 490.365957975)
(OPT_RND 9733,375,202)
(OPT_RND 9701,375,186)
(OPT_RND 9701,375,181)
(OPT_RND 7775,300,181)
(OPT_RND 7775,291,181)
(OPT_RND 7731,291,181)
(OPT_RND 7731,291,181)
(OPT_RND 7731,290,181)
(OPT_RND 7725,290,181)
(OPT_RND 7721,290,181)
(OPT_RND 7659,327,149)
(OPT_RND 7659,327,149)
(OPT_RND 5785,375,19)
(OPT_RND 5785,375,19)
(OPT_RND 5785,375,19)
(OPT_RND 5785,375,19)
(OPT_RND 4313,326,19)
(OPT_RND 4231,341,0)
(OPT_RND 4231,303,0)
(OPT_RND 4017,300,0)
(OPT_RND 4001,300,0)
(OPT_RND 4001,300,0)
(OPT_RND 4001,300,0)
(OPT_RND 4001,300,0)
(OPT_RND 4001,300,0)
(OPT_RND 4001,300,0)
(OPT_RND 4001,300,0)
(OPT_RND 4001,300,0)
(OPT_RND 4001,300,0)
(OPT_RND 4001,300,0)
(OPTIMIZER_RND_RUNTIME 523.51651597)
(SAT 422,1,47,(inf,217),38.0235869884),
(OPT1 3309,422,1)
(OPT1 3309,422,1)
(OPT1 3309,321,1)
(OPT1 3309,292,1)
(OPT1 3307,292,0)
(OPT1 3307,292,0)
(OPT1 3307,292,0)
(OPT1 3303,292,0)
(OPT1 3303,291,0)
(OPT1 3297,291,0)
(OPT1 3297,291,0)
(OPT1 3297,291,0)
(OPT1 3297,291,0)
(OPT1 3297,291,0)
(OPT1 3297,291,0)
(OPT1 3297,291,0)
(OPT1 3297,291,0)
(OPT1 3297,291,0)
(OPTIMIZER_1_RUNTIME 92.849832058)
(OPT2 3309,422,1)
(OPT2 3307,422,0)
(OPT2 3307,422,0)
(OPT2 3303,422,0)
(OPT2 3303,321,0)
(OPT2 3303,292,0)
(OPT2 3303,292,0)
(OPT2 3303,292,0)
(OPT2 3303,292,0)
(OPT2 3303,292,0)
(OPT2 3303,291,0)
(OPT2 3297,291,0)
(OPT2 3297,291,0)
(OPT2 3297,291,0)
(OPT2 3297,291,0)
(OPT2 3297,291,0)
(OPT2 3297,291,0)
(OPT2 3297,291,0)
(OPTIMIZER_2_RUNTIME 93.1158900261)
(OPT_RND 3307,422,0)
(OPT_RND 3307,422,0)
(OPT_RND 3307,422,0)
(OPT_RND 3303,326,0)
(OPT_RND 3303,326,0)
(OPT_RND 3303,326,0)
(OPT_RND 3303,326,0)
(OPT_RND 3303,326,0)
(OPT_RND 3303,326,0)
(OPT_RND 3303,293,0)
(OPT_RND 3303,293,0)
(OPT_RND 3303,293,0)
(OPT_RND 3303,293,0)
(OPT_RND 3303,293,0)
(OPT_RND 3303,293,0)
(OPT_RND 3295,293,0)
(OPT_RND 3295,293,0)
(OPT_RND 3295,293,0)
(OPT_RND 3295,293,0)
(OPT_RND 3295,293,0)
(OPT_RND 3295,293,0)
(OPT_RND 3295,293,0)
(OPT_RND 3295,293,0)
(OPT_RND 3295,293,0)
(OPTIMIZER_RND_RUNTIME 115.529061079)
(OPT_RND 3309,422,1)
(OPT_RND 3309,326,1)
(OPT_RND 3307,326,0)
(OPT_RND 3307,326,0)
(OPT_RND 3303,326,0)
(OPT_RND 3303,326,0)
(OPT_RND 3303,326,0)
(OPT_RND 3303,326,0)
(OPT_RND 3303,326,0)
(OPT_RND 3303,326,0)
(OPT_RND 3303,326,0)
(OPT_RND 3303,326,0)
(OPTIMIZER_RND_RUNTIME 53.8402810097)
(OPT_RND 3309,422,1)
(OPT_RND 3309,422,1)
(OPT_RND 3309,422,1)
(OPT_RND 3309,326,1)
(OPT_RND 3309,293,1)
(OPT_RND 3307,293,1)
(OPT_RND 3307,293,1)
(OPT_RND 3307,293,1)
(OPT_RND 3301,293,1)
(OPT_RND 3301,293,1)
(OPT_RND 3301,293,1)
(OPT_RND 3301,293,1)
(OPT_RND 3299,293,0)
(OPT_RND 3299,293,0)
(OPT_RND 3299,293,0)
(OPT_RND 3299,293,0)
(OPT_RND 3295,293,0)
(OPT_RND 3295,293,0)
(OPT_RND 3295,293,0)
(OPT_RND 3295,293,0)
(OPT_RND 3295,293,0)
(OPT_RND 3295,293,0)
(OPT_RND 3295,293,0)
(OPT_RND 3295,293,0)
(OPTIMIZER_RND_RUNTIME 118.92771697)
(SAT 380,0,47,(inf,217),39.3036699295),
(OPT1 3277,380,0)
(OPT1 3277,380,0)
(OPT1 3277,316,0)
(OPT1 3275,286,0)
(OPT1 3275,286,0)
(OPT1 3275,286,0)
(OPT1 3275,286,0)
(OPT1 3275,286,0)
(OPT1 3275,284,0)
(OPT1 3275,284,0)
(OPT1 3275,284,0)
(OPT1 3275,284,0)
(OPT1 3275,284,0)
(OPT1 3275,284,0)
(OPT1 3275,284,0)
(OPT1 3273,284,0)
(OPT1 3273,284,0)
(OPT1 3273,284,0)
(OPT1 3273,284,0)
(OPT1 3273,284,0)
(OPT1 3273,284,0)
(OPT1 3273,284,0)
(OPT1 3273,284,0)
(OPT1 3273,284,0)
(OPTIMIZER_1_RUNTIME 118.796591997)
(OPT2 3277,380,0)
(OPT2 3277,380,0)
(OPT2 3277,380,0)
(OPT2 3277,380,0)
(OPT2 3277,316,0)
(OPT2 3275,286,0)
(OPT2 3275,286,0)
(OPT2 3275,286,0)
(OPT2 3275,286,0)
(OPT2 3275,286,0)
(OPT2 3275,284,0)
(OPT2 3275,284,0)
(OPT2 3275,284,0)
(OPT2 3275,284,0)
(OPT2 3275,284,0)
(OPT2 3275,284,0)
(OPT2 3275,284,0)
(OPT2 3273,284,0)
(OPT2 3273,284,0)
(OPT2 3273,284,0)
(OPT2 3273,284,0)
(OPT2 3273,284,0)
(OPT2 3273,284,0)
(OPT2 3273,284,0)
(OPTIMIZER_2_RUNTIME 119.249758005)
(OPT_RND 3277,380,0)
(OPT_RND 3277,380,0)
(OPT_RND 3277,380,0)
(OPT_RND 3277,317,0)
(OPT_RND 3277,317,0)
(OPT_RND 3277,317,0)
(OPT_RND 3277,317,0)
(OPT_RND 3277,317,0)
(OPT_RND 3277,317,0)
(OPT_RND 3277,282,0)
(OPT_RND 3277,282,0)
(OPT_RND 3277,282,0)
(OPT_RND 3277,282,0)
(OPT_RND 3277,282,0)
(OPT_RND 3277,282,0)
(OPT_RND 3273,282,0)
(OPT_RND 3273,282,0)
(OPT_RND 3273,282,0)
(OPT_RND 3273,282,0)
(OPT_RND 3273,282,0)
(OPT_RND 3273,282,0)
(OPT_RND 3273,282,0)
(OPT_RND 3273,282,0)
(OPT_RND 3273,282,0)
(OPTIMIZER_RND_RUNTIME 110.083521128)
(OPT_RND 3277,380,0)
(OPT_RND 3277,317,0)
(OPT_RND 3277,317,0)
(OPT_RND 3277,317,0)
(OPT_RND 3277,317,0)
(OPT_RND 3277,317,0)
(OPT_RND 3277,317,0)
(OPT_RND 3277,317,0)
(OPT_RND 3277,317,0)
(OPT_RND 3277,317,0)
(OPT_RND 3277,317,0)
(OPT_RND 3277,317,0)
(OPTIMIZER_RND_RUNTIME 52.7613799572)
(OPT_RND 3277,380,0)
(OPT_RND 3277,380,0)
(OPT_RND 3277,380,0)
(OPT_RND 3277,317,0)
(OPT_RND 3277,287,0)
(OPT_RND 3275,287,0)
(OPT_RND 3275,287,0)
(OPT_RND 3275,282,0)
(OPT_RND 3273,282,0)
(OPT_RND 3273,282,0)
(OPT_RND 3273,282,0)
(OPT_RND 3273,282,0)
(OPT_RND 3273,282,0)
(OPT_RND 3273,282,0)
(OPT_RND 3273,282,0)
(OPT_RND 3273,282,0)
(OPT_RND 3273,282,0)
(OPT_RND 3273,282,0)
(OPTIMIZER_RND_RUNTIME 86.3304018974)
(SAT 416,2,47,(inf,217),39.386505127),
(OPT1 3309,416,2)
(OPT1 3307,416,2)
(OPT1 3307,324,2)
(OPT1 3305,293,2)
(OPT1 3299,293,0)
(OPT1 3299,293,0)
(OPT1 3299,293,0)
(OPT1 3295,293,0)
(OPT1 3295,293,0)
(OPT1 3277,293,0)
(OPT1 3277,293,0)
(OPT1 3277,293,0)
(OPT1 3277,293,0)
(OPT1 3277,293,0)
(OPT1 3277,293,0)
(OPT1 3277,293,0)
(OPT1 3277,293,0)
(OPT1 3277,293,0)
(OPTIMIZER_1_RUNTIME 93.9382328987)
(OPT2 3309,416,2)
(OPT2 3303,416,0)
(OPT2 3303,416,0)
(OPT2 3297,416,0)
(OPT2 3297,324,0)
(OPT2 3295,293,0)
(OPT2 3295,293,0)
(OPT2 3295,293,0)
(OPT2 3295,293,0)
(OPT2 3295,293,0)
(OPT2 3295,293,0)
(OPT2 3277,293,0)
(OPT2 3277,293,0)
(OPT2 3277,293,0)
(OPT2 3277,293,0)
(OPT2 3277,293,0)
(OPT2 3277,293,0)
(OPT2 3277,293,0)
(OPTIMIZER_2_RUNTIME 94.4283189774)
(OPT_RND 3303,416,0)
(OPT_RND 3303,416,0)
(OPT_RND 3303,416,0)
(OPT_RND 3297,329,0)
(OPT_RND 3297,329,0)
(OPT_RND 3297,329,0)
(OPT_RND 3297,329,0)
(OPT_RND 3297,329,0)
(OPT_RND 3297,329,0)
(OPT_RND 3297,290,0)
(OPT_RND 3297,290,0)
(OPT_RND 3297,290,0)
(OPT_RND 3297,290,0)
(OPT_RND 3297,290,0)
(OPT_RND 3297,290,0)
(OPT_RND 3295,290,0)
(OPT_RND 3295,290,0)
(OPT_RND 3295,290,0)
(OPT_RND 3295,290,0)
(OPT_RND 3295,290,0)
(OPT_RND 3295,290,0)
(OPT_RND 3295,290,0)
(OPT_RND 3295,290,0)
(OPT_RND 3295,290,0)
(OPTIMIZER_RND_RUNTIME 117.272957802)
(OPT_RND 3309,416,2)
(OPT_RND 3307,329,2)
(OPT_RND 3301,329,0)
(OPT_RND 3301,329,0)
(OPT_RND 3297,329,0)
(OPT_RND 3297,329,0)
(OPT_RND 3297,329,0)
(OPT_RND 3297,329,0)
(OPT_RND 3297,329,0)
(OPT_RND 3297,329,0)
(OPT_RND 3297,329,0)
(OPT_RND 3297,329,0)
(OPTIMIZER_RND_RUNTIME 52.9269628525)
(OPT_RND 3309,416,2)
(OPT_RND 3309,416,2)
(OPT_RND 3309,416,2)
(OPT_RND 3307,329,2)
(OPT_RND 3307,296,2)
(OPT_RND 3305,296,2)
(OPT_RND 3305,296,2)
(OPT_RND 3305,291,2)
(OPT_RND 3305,291,2)
(OPT_RND 3305,290,2)
(OPT_RND 3305,290,2)
(OPT_RND 3305,290,2)
(OPT_RND 3299,290,0)
(OPT_RND 3299,290,0)
(OPT_RND 3299,290,0)
(OPT_RND 3299,290,0)
(OPT_RND 3295,290,0)
(OPT_RND 3295,290,0)
(OPT_RND 3295,290,0)
(OPT_RND 3279,290,0)
(OPT_RND 3279,290,0)
(OPT_RND 3279,290,0)
(OPT_RND 3279,290,0)
(OPT_RND 3279,290,0)
(OPT_RND 3279,290,0)
(OPT_RND 3279,290,0)
(OPT_RND 3279,290,0)
(OPT_RND 3279,290,0)
(OPT_RND 3279,290,0)
(OPT_RND 3279,290,0)
(OPTIMIZER_RND_RUNTIME 143.789771795)
(SAT 375,216,47,(375,217),87.6043930054),
(OPT1 8463,375,195)
(OPT1 7151,372,195)
(OPT1 7151,309,195)
(OPT1 7093,269,195)
(OPT1 5421,375,34)
(OPT1 5421,375,34)
(OPT1 5421,375,25)
(OPT1 4417,361,25)
(OPT1 4417,336,25)
(OPT1 4243,298,25)
(OPT1 4173,320,0)
(OPT1 4173,320,0)
(OPT1 4173,320,0)
(OPT1 4071,318,0)
(OPT1 4071,311,0)
(OPT1 4067,311,0)
(OPT1 4067,311,0)
(OPT1 4067,311,0)
(OPT1 4067,311,0)
(OPT1 4067,311,0)
(OPT1 4067,311,0)
(OPT1 4067,311,0)
(OPT1 4067,311,0)
(OPT1 4067,311,0)
(OPTIMIZER_1_RUNTIME 293.24089098)
(OPT2 8463,375,195)
(OPT2 8215,375,181)
(OPT2 8215,375,181)
(OPT2 6733,374,181)
(OPT2 6733,348,181)
(OPT2 6669,286,181)
(OPT2 6669,286,154)
(OPT2 5407,375,13)
(OPT2 5407,375,13)
(OPT2 4477,368,13)
(OPT2 4477,332,13)
(OPT2 4297,305,13)
(OPT2 4297,305,12)
(OPT2 4269,313,0)
(OPT2 4269,313,0)
(OPT2 4197,311,0)
(OPT2 4197,311,0)
(OPT2 4187,311,0)
(OPT2 4187,311,0)
(OPT2 4187,311,0)
(OPT2 4187,311,0)
(OPT2 4187,311,0)
(OPT2 4187,311,0)
(OPT2 4185,311,0)
(OPT2 4185,311,0)
(OPT2 4185,311,0)
(OPT2 4185,311,0)
(OPT2 4185,311,0)
(OPT2 4185,311,0)
(OPT2 4185,311,0)
(OPTIMIZER_2_RUNTIME 366.168968201)
(OPT_RND 8161,375,201)
(OPT_RND 8161,375,201)
(OPT_RND 8161,375,134)
(OPT_RND 6471,301,134)
(OPT_RND 6427,300,134)
(OPT_RND 6427,300,134)
(OPT_RND 6427,300,134)
(OPT_RND 6427,300,134)
(OPT_RND 6395,340,96)
(OPT_RND 6395,321,96)
(OPT_RND 5465,375,14)
(OPT_RND 5465,375,14)
(OPT_RND 5465,375,14)
(OPT_RND 5465,375,14)
(OPT_RND 5465,343,14)
(OPT_RND 4673,341,14)
(OPT_RND 4673,341,13)
(OPT_RND 4551,335,13)
(OPT_RND 4551,335,13)
(OPT_RND 4521,335,13)
(OPT_RND 4521,335,13)
(OPT_RND 4521,335,13)
(OPT_RND 4517,333,13)
(OPT_RND 4491,343,0)
(OPT_RND 4395,307,0)
(OPT_RND 4395,307,0)
(OPT_RND 4371,307,0)
(OPT_RND 4371,307,0)
(OPT_RND 4371,307,0)
(OPT_RND 4371,299,0)
(OPT_RND 4361,298,0)
(OPT_RND 4361,298,0)
(OPT_RND 4359,298,0)
(OPT_RND 4359,298,0)
(OPT_RND 4359,298,0)
(OPT_RND 4359,298,0)
(OPT_RND 4359,297,0)
(OPT_RND 4359,297,0)
(OPT_RND 4359,297,0)
(OPT_RND 4359,297,0)
(OPT_RND 4359,297,0)
(OPT_RND 4359,297,0)
(OPT_RND 4359,296,0)
(OPT_RND 4359,296,0)
(OPT_RND 4353,296,0)
(OPT_RND 4353,296,0)
(OPT_RND 4353,296,0)
(OPT_RND 4353,296,0)
(OPT_RND 4353,296,0)
(OPT_RND 4353,296,0)
(OPT_RND 4353,296,0)
(OPT_RND 4353,296,0)
(OPT_RND 4353,296,0)
(OPT_RND 4353,296,0)
(OPTIMIZER_RND_RUNTIME 535.282268047)
(OPT_RND 8391,375,207)
(OPT_RND 7151,323,207)
(OPT_RND 5597,375,99)
(OPT_RND 5597,375,67)
(OPT_RND 4715,366,67)
(OPT_RND 4619,326,67)
(OPT_RND 4615,337,58)
(OPT_RND 4615,337,58)
(OPT_RND 4615,337,58)
(OPT_RND 4599,337,58)
(OPT_RND 4363,375,5)
(OPT_RND 4363,375,5)
(OPT_RND 4363,375,5)
(OPT_RND 4119,366,5)
(OPT_RND 4119,307,5)
(OPT_RND 4105,312,0)
(OPT_RND 4105,312,0)
(OPT_RND 4105,312,0)
(OPT_RND 4105,312,0)
(OPT_RND 4007,303,0)
(OPT_RND 4007,303,0)
(OPT_RND 4007,302,0)
(OPT_RND 4007,302,0)
(OPT_RND 4007,302,0)
(OPT_RND 4007,302,0)
(OPT_RND 4007,302,0)
(OPT_RND 3977,302,0)
(OPT_RND 3973,302,0)
(OPT_RND 3973,302,0)
(OPT_RND 3973,302,0)
(OPT_RND 3973,302,0)
(OPT_RND 3973,302,0)
(OPT_RND 3973,302,0)
(OPT_RND 3973,302,0)
(OPT_RND 3973,302,0)
(OPT_RND 3973,302,0)
(OPTIMIZER_RND_RUNTIME 393.844887972)
(OPT_RND 8463,375,195)
(OPT_RND 8451,375,187)
(OPT_RND 8451,375,187)
(OPT_RND 7107,305,187)
(OPT_RND 7107,282,187)
(OPT_RND 7065,282,187)
(OPT_RND 7065,282,187)
(OPT_RND 7065,282,187)
(OPT_RND 7055,282,187)
(OPT_RND 7051,282,187)
(OPT_RND 7029,312,176)
(OPT_RND 7029,312,176)
(OPT_RND 5413,375,27)
(OPT_RND 5413,375,27)
(OPT_RND 5413,375,27)
(OPT_RND 5413,375,27)
(OPT_RND 4357,323,27)
(OPT_RND 4283,334,0)
(OPT_RND 4283,314,0)
(OPT_RND 4067,310,0)
(OPT_RND 4053,310,0)
(OPT_RND 4053,310,0)
(OPT_RND 4051,310,0)
(OPT_RND 4051,310,0)
(OPT_RND 4051,310,0)
(OPT_RND 4051,310,0)
(OPT_RND 4051,310,0)
(OPT_RND 4051,310,0)
(OPT_RND 4051,310,0)
(OPT_RND 4051,310,0)
(OPTIMIZER_RND_RUNTIME 416.989660025)
(SAT 375,184,72,(375,217),397.662979841),
(OPT1 12469,375,178)
(OPT1 9875,368,178)
(OPT1 9875,302,178)
(OPT1 9699,245,178)
(OPT1 7255,333,0)
(OPT1 7255,333,0)
(OPT1 7255,333,0)
(OPT1 5635,309,0)
(OPT1 5635,269,0)
(OPT1 5151,242,0)
(OPT1 5151,242,0)
(OPT1 5151,242,0)
(OPT1 5151,242,0)
(OPT1 5077,242,0)
(OPT1 5077,238,0)
(OPT1 5043,237,0)
(OPT1 5043,237,0)
(OPT1 5043,237,0)
(OPT1 5043,237,0)
(OPT1 5037,237,0)
(OPT1 5037,236,0)
(OPT1 5021,236,0)
(OPT1 5021,236,0)
(OPT1 5021,236,0)
(OPT1 5021,236,0)
(OPT1 5017,236,0)
(OPT1 5017,236,0)
(OPT1 5017,236,0)
(OPT1 5017,236,0)
(OPT1 5017,236,0)
(OPT1 5017,236,0)
(OPT1 5017,236,0)
(OPT1 5017,236,0)
(OPT1 5017,236,0)
(OPT1 5017,236,0)
(OPT1 5017,236,0)
(OPTIMIZER_1_RUNTIME 493.900514126)
(OPT2 12469,375,178)
(OPT2 11859,375,144)
(OPT2 11859,375,144)
(OPT2 8811,368,144)
(OPT2 8811,329,144)
(OPT2 8575,253,144)
(OPT2 8575,253,108)
(OPT2 7127,300,0)
(OPT2 7127,300,0)
(OPT2 5761,284,0)
(OPT2 5761,250,0)
(OPT2 5273,238,0)
(OPT2 5273,238,0)
(OPT2 5273,238,0)
(OPT2 5273,238,0)
(OPT2 5189,238,0)
(OPT2 5189,238,0)
(OPT2 5175,238,0)
(OPT2 5175,238,0)
(OPT2 5175,238,0)
(OPT2 5175,238,0)
(OPT2 5173,238,0)
(OPT2 5173,238,0)
(OPT2 5171,238,0)
(OPT2 5171,238,0)
(OPT2 5171,238,0)
(OPT2 5171,238,0)
(OPT2 5171,238,0)
(OPT2 5171,238,0)
(OPT2 5171,238,0)
(OPTIMIZER_2_RUNTIME 507.910350084)
(OPT_RND 11725,375,152)
(OPT_RND 11725,375,152)
(OPT_RND 11725,375,79)
(OPT_RND 8169,268,79)
(OPT_RND 8003,264,79)
(OPT_RND 7987,264,79)
(OPT_RND 7987,264,79)
(OPT_RND 7985,264,79)
(OPT_RND 7959,279,63)
(OPT_RND 7959,253,63)
(OPT_RND 7035,303,0)
(OPT_RND 7035,303,0)
(OPT_RND 7035,303,0)
(OPT_RND 7035,303,0)
(OPT_RND 7035,247,0)
(OPT_RND 6119,243,0)
(OPT_RND 6119,243,0)
(OPT_RND 5819,240,0)
(OPT_RND 5819,240,0)
(OPT_RND 5639,239,0)
(OPT_RND 5639,239,0)
(OPT_RND 5639,239,0)
(OPT_RND 5563,239,0)
(OPT_RND 5563,239,0)
(OPT_RND 5503,229,0)
(OPT_RND 5503,229,0)
(OPT_RND 5479,229,0)
(OPT_RND 5479,229,0)
(OPT_RND 5479,229,0)
(OPT_RND 5479,228,0)
(OPT_RND 5471,228,0)
(OPT_RND 5471,228,0)
(OPT_RND 5467,228,0)
(OPT_RND 5467,228,0)
(OPT_RND 5467,228,0)
(OPT_RND 5467,228,0)
(OPT_RND 5467,228,0)
(OPT_RND 5467,228,0)
(OPT_RND 5467,228,0)
(OPT_RND 5467,228,0)
(OPT_RND 5467,228,0)
(OPT_RND 5467,228,0)
(OPTIMIZER_RND_RUNTIME 629.427824974)
(OPT_RND 12267,375,159)
(OPT_RND 9719,287,159)
(OPT_RND 7219,375,31)
(OPT_RND 7219,375,20)
(OPT_RND 5563,344,20)
(OPT_RND 5247,311,20)
(OPT_RND 5247,311,18)
(OPT_RND 5247,311,18)
(OPT_RND 5247,311,18)
(OPT_RND 5173,311,18)
(OPT_RND 5121,311,0)
(OPT_RND 5121,311,0)
(OPT_RND 5121,311,0)
(OPT_RND 5037,310,0)
(OPT_RND 5037,254,0)
(OPT_RND 5037,254,0)
(OPT_RND 5037,254,0)
(OPT_RND 5037,254,0)
(OPT_RND 5037,254,0)
(OPT_RND 4905,252,0)
(OPT_RND 4905,252,0)
(OPT_RND 4905,249,0)
(OPT_RND 4905,249,0)
(OPT_RND 4905,249,0)
(OPT_RND 4905,249,0)
(OPT_RND 4905,249,0)
(OPT_RND 4859,249,0)
(OPT_RND 4847,249,0)
(OPT_RND 4847,249,0)
(OPT_RND 4847,249,0)
(OPT_RND 4837,249,0)
(OPT_RND 4835,249,0)
(OPT_RND 4835,249,0)
(OPT_RND 4835,249,0)
(OPT_RND 4835,249,0)
(OPT_RND 4835,249,0)
(OPT_RND 4835,249,0)
(OPT_RND 4835,249,0)
(OPT_RND 4835,249,0)
(OPT_RND 4835,249,0)
(OPT_RND 4835,249,0)
(OPT_RND 4835,249,0)
(OPTIMIZER_RND_RUNTIME 614.597257137)
(OPT_RND 12469,375,178)
(OPT_RND 12439,375,155)
(OPT_RND 12439,375,154)
(OPT_RND 9749,281,154)
(OPT_RND 9749,247,154)
(OPT_RND 9659,245,154)
(OPT_RND 9659,245,154)
(OPT_RND 9659,244,154)
(OPT_RND 9653,244,154)
(OPT_RND 9645,244,154)
(OPT_RND 9617,267,142)
(OPT_RND 9617,266,142)
(OPT_RND 7301,317,0)
(OPT_RND 7301,317,0)
(OPT_RND 7301,317,0)
(OPT_RND 7301,317,0)
(OPT_RND 5471,275,0)
(OPT_RND 5471,275,0)
(OPT_RND 5471,234,0)
(OPT_RND 5123,234,0)
(OPT_RND 5053,234,0)
(OPT_RND 5053,233,0)
(OPT_RND 5041,233,0)
(OPT_RND 5041,233,0)
(OPT_RND 5041,233,0)
(OPT_RND 5039,233,0)
(OPT_RND 5039,233,0)
(OPT_RND 5039,233,0)
(OPT_RND 5039,233,0)
(OPT_RND 5039,233,0)
(OPT_RND 5039,233,0)
(OPT_RND 5039,232,0)
(OPT_RND 5039,232,0)
(OPT_RND 5039,232,0)
(OPT_RND 5039,232,0)
(OPT_RND 5039,232,0)
(OPT_RND 5039,232,0)
(OPT_RND 5039,232,0)
(OPT_RND 5033,232,0)
(OPT_RND 5033,232,0)
(OPT_RND 5033,232,0)
(OPT_RND 5033,232,0)
(OPT_RND 5033,232,0)
(OPT_RND 5029,232,0)
(OPT_RND 5029,232,0)
(OPT_RND 5029,232,0)
(OPT_RND 5021,232,0)
(OPT_RND 5021,232,0)
(OPT_RND 5021,232,0)
(OPT_RND 5021,232,0)
(OPT_RND 5019,232,0)
(OPT_RND 5019,232,0)
(OPT_RND 5019,232,0)
(OPT_RND 5019,232,0)
(OPT_RND 5019,232,0)
(OPT_RND 5019,232,0)
(OPT_RND 5019,232,0)
(OPT_RND 5019,232,0)
(OPT_RND 5019,232,0)
(OPT_RND 5019,232,0)
(OPTIMIZER_RND_RUNTIME 802.783241987)
(SAT 422,1,47,(inf,108),39.3399679661),
(OPT1 3309,422,1)
(OPT1 3309,422,1)
(OPT1 3309,321,1)
(OPT1 3309,292,1)
(OPT1 3307,292,0)
(OPT1 3307,292,0)
(OPT1 3307,292,0)
(OPT1 3303,292,0)
(OPT1 3303,291,0)
(OPT1 3297,291,0)
(OPT1 3297,291,0)
(OPT1 3297,291,0)
(OPT1 3297,291,0)
(OPT1 3297,291,0)
(OPT1 3297,291,0)
(OPT1 3297,291,0)
(OPT1 3297,291,0)
(OPT1 3297,291,0)
(OPTIMIZER_1_RUNTIME 93.2046470642)
(OPT2 3309,422,1)
(OPT2 3307,422,0)
(OPT2 3307,422,0)
(OPT2 3303,422,0)
(OPT2 3303,321,0)
(OPT2 3303,292,0)
(OPT2 3303,292,0)
(OPT2 3303,292,0)
(OPT2 3303,292,0)
(OPT2 3303,292,0)
(OPT2 3303,291,0)
(OPT2 3297,291,0)
(OPT2 3297,291,0)
(OPT2 3297,291,0)
(OPT2 3297,291,0)
(OPT2 3297,291,0)
(OPT2 3297,291,0)
(OPT2 3297,291,0)
(OPTIMIZER_2_RUNTIME 92.6092028618)
(OPT_RND 3307,422,0)
(OPT_RND 3307,422,0)
(OPT_RND 3307,422,0)
(OPT_RND 3303,326,0)
(OPT_RND 3303,326,0)
(OPT_RND 3303,326,0)
(OPT_RND 3303,326,0)
(OPT_RND 3303,326,0)
(OPT_RND 3303,326,0)
(OPT_RND 3303,293,0)
(OPT_RND 3303,293,0)
(OPT_RND 3303,293,0)
(OPT_RND 3303,293,0)
(OPT_RND 3303,293,0)
(OPT_RND 3303,293,0)
(OPT_RND 3295,293,0)
(OPT_RND 3295,293,0)
(OPT_RND 3295,293,0)
(OPT_RND 3295,293,0)
(OPT_RND 3295,293,0)
(OPT_RND 3295,293,0)
(OPT_RND 3295,293,0)
(OPT_RND 3295,293,0)
(OPT_RND 3295,293,0)
(OPTIMIZER_RND_RUNTIME 115.733817101)
(OPT_RND 3309,422,1)
(OPT_RND 3309,326,1)
(OPT_RND 3307,326,0)
(OPT_RND 3307,326,0)
(OPT_RND 3303,326,0)
(OPT_RND 3303,326,0)
(OPT_RND 3303,326,0)
(OPT_RND 3303,326,0)
(OPT_RND 3303,326,0)
(OPT_RND 3303,326,0)
(OPT_RND 3303,326,0)
(OPT_RND 3303,326,0)
(OPTIMIZER_RND_RUNTIME 52.9579350948)
(OPT_RND 3309,422,1)
(OPT_RND 3309,422,1)
(OPT_RND 3309,422,1)
(OPT_RND 3309,326,1)
(OPT_RND 3309,293,1)
(OPT_RND 3307,293,1)
(OPT_RND 3307,293,1)
(OPT_RND 3307,293,1)
(OPT_RND 3301,293,1)
(OPT_RND 3301,293,1)
(OPT_RND 3301,293,1)
(OPT_RND 3301,293,1)
(OPT_RND 3299,293,0)
(OPT_RND 3299,293,0)
(OPT_RND 3299,293,0)
(OPT_RND 3299,293,0)
(OPT_RND 3295,293,0)
(OPT_RND 3295,293,0)
(OPT_RND 3295,293,0)
(OPT_RND 3295,293,0)
(OPT_RND 3295,293,0)
(OPT_RND 3295,293,0)
(OPT_RND 3295,293,0)
(OPT_RND 3295,293,0)
(OPTIMIZER_RND_RUNTIME 117.620424032)
(SAT 380,0,47,(inf,108),36.3728628159),
(OPT1 3277,380,0)
(OPT1 3277,380,0)
(OPT1 3277,316,0)
(OPT1 3275,286,0)
(OPT1 3275,286,0)
(OPT1 3275,286,0)
(OPT1 3275,286,0)
(OPT1 3275,286,0)
(OPT1 3275,284,0)
(OPT1 3275,284,0)
(OPT1 3275,284,0)
(OPT1 3275,284,0)
(OPT1 3275,284,0)
(OPT1 3275,284,0)
(OPT1 3275,284,0)
(OPT1 3273,284,0)
(OPT1 3273,284,0)
(OPT1 3273,284,0)
(OPT1 3273,284,0)
(OPT1 3273,284,0)
(OPT1 3273,284,0)
(OPT1 3273,284,0)
(OPT1 3273,284,0)
(OPT1 3273,284,0)
(OPTIMIZER_1_RUNTIME 117.123712063)
(OPT2 3277,380,0)
(OPT2 3277,380,0)
(OPT2 3277,380,0)
(OPT2 3277,380,0)
(OPT2 3277,316,0)
(OPT2 3275,286,0)
(OPT2 3275,286,0)
(OPT2 3275,286,0)
(OPT2 3275,286,0)
(OPT2 3275,286,0)
(OPT2 3275,284,0)
(OPT2 3275,284,0)
(OPT2 3275,284,0)
(OPT2 3275,284,0)
(OPT2 3275,284,0)
(OPT2 3275,284,0)
(OPT2 3275,284,0)
(OPT2 3273,284,0)
(OPT2 3273,284,0)
(OPT2 3273,284,0)
(OPT2 3273,284,0)
(OPT2 3273,284,0)
(OPT2 3273,284,0)
(OPT2 3273,284,0)
(OPTIMIZER_2_RUNTIME 117.205764055)
(OPT_RND 3277,380,0)
(OPT_RND 3277,380,0)
(OPT_RND 3277,380,0)
(OPT_RND 3277,317,0)
(OPT_RND 3277,317,0)
(OPT_RND 3277,317,0)
(OPT_RND 3277,317,0)
(OPT_RND 3277,317,0)
(OPT_RND 3277,317,0)
(OPT_RND 3277,282,0)
(OPT_RND 3277,282,0)
(OPT_RND 3277,282,0)
(OPT_RND 3277,282,0)
(OPT_RND 3277,282,0)
(OPT_RND 3277,282,0)
(OPT_RND 3273,282,0)
(OPT_RND 3273,282,0)
(OPT_RND 3273,282,0)
(OPT_RND 3273,282,0)
(OPT_RND 3273,282,0)
(OPT_RND 3273,282,0)
(OPT_RND 3273,282,0)
(OPT_RND 3273,282,0)
(OPT_RND 3273,282,0)
(OPTIMIZER_RND_RUNTIME 114.492053986)
(OPT_RND 3277,380,0)
(OPT_RND 3277,317,0)
(OPT_RND 3277,317,0)
(OPT_RND 3277,317,0)
(OPT_RND 3277,317,0)
(OPT_RND 3277,317,0)
(OPT_RND 3277,317,0)
(OPT_RND 3277,317,0)
(OPT_RND 3277,317,0)
(OPT_RND 3277,317,0)
(OPT_RND 3277,317,0)
(OPT_RND 3277,317,0)
(OPTIMIZER_RND_RUNTIME 52.6980810165)
(OPT_RND 3277,380,0)
(OPT_RND 3277,380,0)
(OPT_RND 3277,380,0)
(OPT_RND 3277,317,0)
(OPT_RND 3277,287,0)
(OPT_RND 3275,287,0)
(OPT_RND 3275,287,0)
(OPT_RND 3275,282,0)
(OPT_RND 3273,282,0)
(OPT_RND 3273,282,0)
(OPT_RND 3273,282,0)
(OPT_RND 3273,282,0)
(OPT_RND 3273,282,0)
(OPT_RND 3273,282,0)
(OPT_RND 3273,282,0)
(OPT_RND 3273,282,0)
(OPT_RND 3273,282,0)
(OPT_RND 3273,282,0)
(OPTIMIZER_RND_RUNTIME 84.3748021126)
(SAT 416,2,47,(inf,108),36.5827980042),
(OPT1 3309,416,2)
(OPT1 3307,416,2)
(OPT1 3307,324,2)
(OPT1 3305,293,2)
(OPT1 3299,293,0)
(OPT1 3299,293,0)
(OPT1 3299,293,0)
(OPT1 3295,293,0)
(OPT1 3295,293,0)
(OPT1 3277,293,0)
(OPT1 3277,293,0)
(OPT1 3277,293,0)
(OPT1 3277,293,0)
(OPT1 3277,293,0)
(OPT1 3277,293,0)
(OPT1 3277,293,0)
(OPT1 3277,293,0)
(OPT1 3277,293,0)
(OPTIMIZER_1_RUNTIME 92.437333107)
(OPT2 3309,416,2)
(OPT2 3303,416,0)
(OPT2 3303,416,0)
(OPT2 3297,416,0)
(OPT2 3297,324,0)
(OPT2 3295,293,0)
(OPT2 3295,293,0)
(OPT2 3295,293,0)
(OPT2 3295,293,0)
(OPT2 3295,293,0)
(OPT2 3295,293,0)
(OPT2 3277,293,0)
(OPT2 3277,293,0)
(OPT2 3277,293,0)
(OPT2 3277,293,0)
(OPT2 3277,293,0)
(OPT2 3277,293,0)
(OPT2 3277,293,0)
(OPTIMIZER_2_RUNTIME 94.5358068943)
(OPT_RND 3303,416,0)
(OPT_RND 3303,416,0)
(OPT_RND 3303,416,0)
(OPT_RND 3297,329,0)
(OPT_RND 3297,329,0)
(OPT_RND 3297,329,0)
(OPT_RND 3297,329,0)
(OPT_RND 3297,329,0)
(OPT_RND 3297,329,0)
(OPT_RND 3297,290,0)
(OPT_RND 3297,290,0)
(OPT_RND 3297,290,0)
(OPT_RND 3297,290,0)
(OPT_RND 3297,290,0)
(OPT_RND 3297,290,0)
(OPT_RND 3295,290,0)
(OPT_RND 3295,290,0)
(OPT_RND 3295,290,0)
(OPT_RND 3295,290,0)
(OPT_RND 3295,290,0)
(OPT_RND 3295,290,0)
(OPT_RND 3295,290,0)
(OPT_RND 3295,290,0)
(OPT_RND 3295,290,0)
(OPTIMIZER_RND_RUNTIME 118.335802078)
(OPT_RND 3309,416,2)
(OPT_RND 3307,329,2)
(OPT_RND 3301,329,0)
(OPT_RND 3301,329,0)
(OPT_RND 3297,329,0)
(OPT_RND 3297,329,0)
(OPT_RND 3297,329,0)
(OPT_RND 3297,329,0)
(OPT_RND 3297,329,0)
(OPT_RND 3297,329,0)
(OPT_RND 3297,329,0)
(OPT_RND 3297,329,0)
(OPTIMIZER_RND_RUNTIME 54.3634901047)
(OPT_RND 3309,416,2)
(OPT_RND 3309,416,2)
(OPT_RND 3309,416,2)
(OPT_RND 3307,329,2)
(OPT_RND 3307,296,2)
(OPT_RND 3305,296,2)
(OPT_RND 3305,296,2)
(OPT_RND 3305,291,2)
(OPT_RND 3305,291,2)
(OPT_RND 3305,290,2)
(OPT_RND 3305,290,2)
(OPT_RND 3305,290,2)
(OPT_RND 3299,290,0)
(OPT_RND 3299,290,0)
(OPT_RND 3299,290,0)
(OPT_RND 3299,290,0)
(OPT_RND 3295,290,0)
(OPT_RND 3295,290,0)
(OPT_RND 3295,290,0)
(OPT_RND 3279,290,0)
(OPT_RND 3279,290,0)
(OPT_RND 3279,290,0)
(OPT_RND 3279,290,0)
(OPT_RND 3279,290,0)
(OPT_RND 3279,290,0)
(OPT_RND 3279,290,0)
(OPT_RND 3279,290,0)
(OPT_RND 3279,290,0)
(OPT_RND 3279,290,0)
(OPT_RND 3279,290,0)
(OPTIMIZER_RND_RUNTIME 145.149074078)
(SAT 422,1,47,(inf,54),27.2522339821),
(OPT1 3309,422,1)
(OPT1 3309,422,1)
(OPT1 3309,321,1)
(OPT1 3309,292,1)
(OPT1 3307,292,0)
(OPT1 3307,292,0)
(OPT1 3307,292,0)
(OPT1 3303,292,0)
(OPT1 3303,291,0)
(OPT1 3297,291,0)
(OPT1 3297,291,0)
(OPT1 3297,291,0)
(OPT1 3297,291,0)
(OPT1 3297,291,0)
(OPT1 3297,291,0)
(OPT1 3297,291,0)
(OPT1 3297,291,0)
(OPT1 3297,291,0)
(OPTIMIZER_1_RUNTIME 93.1866829395)
(OPT2 3309,422,1)
(OPT2 3307,422,0)
(OPT2 3307,422,0)
(OPT2 3303,422,0)
(OPT2 3303,321,0)
(OPT2 3303,292,0)
(OPT2 3303,292,0)
(OPT2 3303,292,0)
(OPT2 3303,292,0)
(OPT2 3303,292,0)
(OPT2 3303,291,0)
(OPT2 3297,291,0)
(OPT2 3297,291,0)
(OPT2 3297,291,0)
(OPT2 3297,291,0)
(OPT2 3297,291,0)
(OPT2 3297,291,0)
(OPT2 3297,291,0)
(OPTIMIZER_2_RUNTIME 94.2907888889)
(OPT_RND 3307,422,0)
(OPT_RND 3307,422,0)
(OPT_RND 3307,422,0)
(OPT_RND 3303,326,0)
(OPT_RND 3303,326,0)
(OPT_RND 3303,326,0)
(OPT_RND 3303,326,0)
(OPT_RND 3303,326,0)
(OPT_RND 3303,326,0)
(OPT_RND 3303,293,0)
(OPT_RND 3303,293,0)
(OPT_RND 3303,293,0)
(OPT_RND 3303,293,0)
(OPT_RND 3303,293,0)
(OPT_RND 3303,293,0)
(OPT_RND 3295,293,0)
(OPT_RND 3295,293,0)
(OPT_RND 3295,293,0)
(OPT_RND 3295,293,0)
(OPT_RND 3295,293,0)
(OPT_RND 3295,293,0)
(OPT_RND 3295,293,0)
(OPT_RND 3295,293,0)
(OPT_RND 3295,293,0)
(OPTIMIZER_RND_RUNTIME 116.399077177)
(OPT_RND 3309,422,1)
(OPT_RND 3309,326,1)
(OPT_RND 3307,326,0)
(OPT_RND 3307,326,0)
(OPT_RND 3303,326,0)
(OPT_RND 3303,326,0)
(OPT_RND 3303,326,0)
(OPT_RND 3303,326,0)
(OPT_RND 3303,326,0)
(OPT_RND 3303,326,0)
(OPT_RND 3303,326,0)
(OPT_RND 3303,326,0)
(OPTIMIZER_RND_RUNTIME 53.7267138958)
(OPT_RND 3309,422,1)
(OPT_RND 3309,422,1)
(OPT_RND 3309,422,1)
(OPT_RND 3309,326,1)
(OPT_RND 3309,293,1)
(OPT_RND 3307,293,1)
(OPT_RND 3307,293,1)
(OPT_RND 3307,293,1)
(OPT_RND 3301,293,1)
(OPT_RND 3301,293,1)
(OPT_RND 3301,293,1)
(OPT_RND 3301,293,1)
(OPT_RND 3299,293,0)
(OPT_RND 3299,293,0)
(OPT_RND 3299,293,0)
(OPT_RND 3299,293,0)
(OPT_RND 3295,293,0)
(OPT_RND 3295,293,0)
(OPT_RND 3295,293,0)
(OPT_RND 3295,293,0)
(OPT_RND 3295,293,0)
(OPT_RND 3295,293,0)
(OPT_RND 3295,293,0)
(OPT_RND 3295,293,0)
(OPTIMIZER_RND_RUNTIME 117.971825838)
(SAT 380,0,47,(inf,54),37.8827550411),
(OPT1 3277,380,0)
(OPT1 3277,380,0)
(OPT1 3277,316,0)
(OPT1 3275,286,0)
(OPT1 3275,286,0)
(OPT1 3275,286,0)
(OPT1 3275,286,0)
(OPT1 3275,286,0)
(OPT1 3275,284,0)
(OPT1 3275,284,0)
(OPT1 3275,284,0)
(OPT1 3275,284,0)
(OPT1 3275,284,0)
(OPT1 3275,284,0)
(OPT1 3275,284,0)
(OPT1 3273,284,0)
(OPT1 3273,284,0)
(OPT1 3273,284,0)
(OPT1 3273,284,0)
(OPT1 3273,284,0)
(OPT1 3273,284,0)
(OPT1 3273,284,0)
(OPT1 3273,284,0)
(OPT1 3273,284,0)
(OPTIMIZER_1_RUNTIME 117.660857916)
(OPT2 3277,380,0)
(OPT2 3277,380,0)
(OPT2 3277,380,0)
(OPT2 3277,380,0)
(OPT2 3277,316,0)
(OPT2 3275,286,0)
(OPT2 3275,286,0)
(OPT2 3275,286,0)
(OPT2 3275,286,0)
(OPT2 3275,286,0)
(OPT2 3275,284,0)
(OPT2 3275,284,0)
(OPT2 3275,284,0)
(OPT2 3275,284,0)
(OPT2 3275,284,0)
(OPT2 3275,284,0)
(OPT2 3275,284,0)
(OPT2 3273,284,0)
(OPT2 3273,284,0)
(OPT2 3273,284,0)
(OPT2 3273,284,0)
(OPT2 3273,284,0)
(OPT2 3273,284,0)
(OPT2 3273,284,0)
(OPTIMIZER_2_RUNTIME 119.500207186)
(OPT_RND 3277,380,0)
(OPT_RND 3277,380,0)
(OPT_RND 3277,380,0)
(OPT_RND 3277,317,0)
(OPT_RND 3277,317,0)
(OPT_RND 3277,317,0)
(OPT_RND 3277,317,0)
(OPT_RND 3277,317,0)
(OPT_RND 3277,317,0)
(OPT_RND 3277,282,0)
(OPT_RND 3277,282,0)
(OPT_RND 3277,282,0)
(OPT_RND 3277,282,0)
(OPT_RND 3277,282,0)
(OPT_RND 3277,282,0)
(OPT_RND 3273,282,0)
(OPT_RND 3273,282,0)
(OPT_RND 3273,282,0)
(OPT_RND 3273,282,0)
(OPT_RND 3273,282,0)
(OPT_RND 3273,282,0)
(OPT_RND 3273,282,0)
(OPT_RND 3273,282,0)
(OPT_RND 3273,282,0)
(OPTIMIZER_RND_RUNTIME 115.412775993)
(OPT_RND 3277,380,0)
(OPT_RND 3277,317,0)
(OPT_RND 3277,317,0)
(OPT_RND 3277,317,0)
(OPT_RND 3277,317,0)
(OPT_RND 3277,317,0)
(OPT_RND 3277,317,0)
(OPT_RND 3277,317,0)
(OPT_RND 3277,317,0)
(OPT_RND 3277,317,0)
(OPT_RND 3277,317,0)
(OPT_RND 3277,317,0)
(OPTIMIZER_RND_RUNTIME 52.2684628963)
(OPT_RND 3277,380,0)
(OPT_RND 3277,380,0)
(OPT_RND 3277,380,0)
(OPT_RND 3277,317,0)
(OPT_RND 3277,287,0)
(OPT_RND 3275,287,0)
(OPT_RND 3275,287,0)
(OPT_RND 3275,282,0)
(OPT_RND 3273,282,0)
(OPT_RND 3273,282,0)
(OPT_RND 3273,282,0)
(OPT_RND 3273,282,0)
(OPT_RND 3273,282,0)
(OPT_RND 3273,282,0)
(OPT_RND 3273,282,0)
(OPT_RND 3273,282,0)
(OPT_RND 3273,282,0)
(OPT_RND 3273,282,0)
(OPTIMIZER_RND_RUNTIME 86.1235849857)
(SAT 416,2,47,(inf,54),38.7718009949),
(OPT1 3309,416,2)
(OPT1 3307,416,2)
(OPT1 3307,324,2)
(OPT1 3305,293,2)
(OPT1 3299,293,0)
(OPT1 3299,293,0)
(OPT1 3299,293,0)
(OPT1 3295,293,0)
(OPT1 3295,293,0)
(OPT1 3277,293,0)
(OPT1 3277,293,0)
(OPT1 3277,293,0)
(OPT1 3277,293,0)
(OPT1 3277,293,0)
(OPT1 3277,293,0)
(OPT1 3277,293,0)
(OPT1 3277,293,0)
(OPT1 3277,293,0)
(OPTIMIZER_1_RUNTIME 95.1505720615)
(OPT2 3309,416,2)
(OPT2 3303,416,0)
(OPT2 3303,416,0)
(OPT2 3297,416,0)
(OPT2 3297,324,0)
(OPT2 3295,293,0)
(OPT2 3295,293,0)
(OPT2 3295,293,0)
(OPT2 3295,293,0)
(OPT2 3295,293,0)
(OPT2 3295,293,0)
(OPT2 3277,293,0)
(OPT2 3277,293,0)
(OPT2 3277,293,0)
(OPT2 3277,293,0)
(OPT2 3277,293,0)
(OPT2 3277,293,0)
(OPT2 3277,293,0)
(OPTIMIZER_2_RUNTIME 93.4549570084)
(OPT_RND 3303,416,0)
(OPT_RND 3303,416,0)
(OPT_RND 3303,416,0)
(OPT_RND 3297,329,0)
(OPT_RND 3297,329,0)
(OPT_RND 3297,329,0)
(OPT_RND 3297,329,0)
(OPT_RND 3297,329,0)
(OPT_RND 3297,329,0)
(OPT_RND 3297,290,0)
(OPT_RND 3297,290,0)
(OPT_RND 3297,290,0)
(OPT_RND 3297,290,0)
(OPT_RND 3297,290,0)
(OPT_RND 3297,290,0)
(OPT_RND 3295,290,0)
(OPT_RND 3295,290,0)
(OPT_RND 3295,290,0)
(OPT_RND 3295,290,0)
(OPT_RND 3295,290,0)
(OPT_RND 3295,290,0)
(OPT_RND 3295,290,0)
(OPT_RND 3295,290,0)
(OPT_RND 3295,290,0)
(OPTIMIZER_RND_RUNTIME 116.446341038)
(OPT_RND 3309,416,2)
(OPT_RND 3307,329,2)
(OPT_RND 3301,329,0)
(OPT_RND 3301,329,0)
(OPT_RND 3297,329,0)
(OPT_RND 3297,329,0)
(OPT_RND 3297,329,0)
(OPT_RND 3297,329,0)
(OPT_RND 3297,329,0)
(OPT_RND 3297,329,0)
(OPT_RND 3297,329,0)
(OPT_RND 3297,329,0)
(OPTIMIZER_RND_RUNTIME 54.0600130558)
(OPT_RND 3309,416,2)
(OPT_RND 3309,416,2)
(OPT_RND 3309,416,2)
(OPT_RND 3307,329,2)
(OPT_RND 3307,296,2)
(OPT_RND 3305,296,2)
(OPT_RND 3305,296,2)
(OPT_RND 3305,291,2)
(OPT_RND 3305,291,2)
(OPT_RND 3305,290,2)
(OPT_RND 3305,290,2)
(OPT_RND 3305,290,2)
(OPT_RND 3299,290,0)
(OPT_RND 3299,290,0)
(OPT_RND 3299,290,0)
(OPT_RND 3299,290,0)
(OPT_RND 3295,290,0)
(OPT_RND 3295,290,0)
(OPT_RND 3295,290,0)
(OPT_RND 3279,290,0)
(OPT_RND 3279,290,0)
(OPT_RND 3279,290,0)
(OPT_RND 3279,290,0)
(OPT_RND 3279,290,0)
(OPT_RND 3279,290,0)
(OPT_RND 3279,290,0)
(OPT_RND 3279,290,0)
(OPT_RND 3279,290,0)
(OPT_RND 3279,290,0)
(OPT_RND 3279,290,0)
(OPTIMIZER_RND_RUNTIME 145.538450003)
(SAT 388,0,47,(inf,0),36.9113769531),
(OPT1 3273,388,0)
(OPT1 3267,388,0)
(OPT1 3267,321,0)
(OPT1 3265,295,0)
(OPT1 3265,295,0)
(OPT1 3265,295,0)
(OPT1 3265,295,0)
(OPT1 3265,295,0)
(OPT1 3265,292,0)
(OPT1 3265,292,0)
(OPT1 3265,292,0)
(OPT1 3265,292,0)
(OPT1 3265,292,0)
(OPT1 3265,292,0)
(OPT1 3265,292,0)
(OPT1 3265,292,0)
(OPT1 3265,292,0)
(OPT1 3265,292,0)
(OPTIMIZER_1_RUNTIME 92.3068459034)
(OPT2 3273,388,0)
(OPT2 3273,388,0)
(OPT2 3273,388,0)
(OPT2 3267,388,0)
(OPT2 3267,321,0)
(OPT2 3265,295,0)
(OPT2 3265,295,0)
(OPT2 3265,295,0)
(OPT2 3265,295,0)
(OPT2 3265,295,0)
(OPT2 3265,292,0)
(OPT2 3265,292,0)
(OPT2 3265,292,0)
(OPT2 3265,292,0)
(OPT2 3265,292,0)
(OPT2 3265,292,0)
(OPT2 3265,292,0)
(OPT2 3265,292,0)
(OPTIMIZER_2_RUNTIME 92.9159340858)
(OPT_RND 3273,388,0)
(OPT_RND 3273,388,0)
(OPT_RND 3273,388,0)
(OPT_RND 3267,322,0)
(OPT_RND 3267,322,0)
(OPT_RND 3267,322,0)
(OPT_RND 3267,322,0)
(OPT_RND 3267,322,0)
(OPT_RND 3267,322,0)
(OPT_RND 3267,291,0)
(OPT_RND 3267,291,0)
(OPT_RND 3267,291,0)
(OPT_RND 3267,291,0)
(OPT_RND 3267,291,0)
(OPT_RND 3267,288,0)
(OPT_RND 3265,288,0)
(OPT_RND 3265,288,0)
(OPT_RND 3265,288,0)
(OPT_RND 3265,288,0)
(OPT_RND 3265,288,0)
(OPT_RND 3265,288,0)
(OPT_RND 3265,288,0)
(OPT_RND 3265,288,0)
(OPT_RND 3265,288,0)
(OPTIMIZER_RND_RUNTIME 114.360130072)
(OPT_RND 3273,388,0)
(OPT_RND 3267,322,0)
(OPT_RND 3267,322,0)
(OPT_RND 3267,322,0)
(OPT_RND 3267,322,0)
(OPT_RND 3267,322,0)
(OPT_RND 3267,322,0)
(OPT_RND 3267,322,0)
(OPT_RND 3267,322,0)
(OPT_RND 3267,322,0)
(OPT_RND 3267,322,0)
(OPT_RND 3267,322,0)
(OPTIMIZER_RND_RUNTIME 52.3229250908)
(OPT_RND 3273,388,0)
(OPT_RND 3273,388,0)
(OPT_RND 3273,388,0)
(OPT_RND 3267,322,0)
(OPT_RND 3267,294,0)
(OPT_RND 3265,294,0)
(OPT_RND 3265,294,0)
(OPT_RND 3265,289,0)
(OPT_RND 3265,289,0)
(OPT_RND 3265,288,0)
(OPT_RND 3265,288,0)
(OPT_RND 3265,288,0)
(OPT_RND 3265,288,0)
(OPT_RND 3265,288,0)
(OPT_RND 3265,288,0)
(OPT_RND 3265,288,0)
(OPT_RND 3265,288,0)
(OPT_RND 3265,288,0)
(OPTIMIZER_RND_RUNTIME 85.7929809093)
(SAT 412,0,47,(inf,0),37.0606729984),
(OPT1 3239,412,0)
(OPT1 3239,412,0)
(OPT1 3239,331,0)
(OPT1 3231,293,0)
(OPT1 3231,293,0)
(OPT1 3231,293,0)
(OPT1 3231,293,0)
(OPT1 3231,293,0)
(OPT1 3231,293,0)
(OPT1 3225,293,0)
(OPT1 3225,293,0)
(OPT1 3225,293,0)
(OPT1 3225,293,0)
(OPT1 3225,293,0)
(OPT1 3225,293,0)
(OPT1 3225,293,0)
(OPT1 3225,293,0)
(OPT1 3225,293,0)
(OPTIMIZER_1_RUNTIME 93.7019572258)
(OPT2 3239,412,0)
(OPT2 3239,412,0)
(OPT2 3239,412,0)
(OPT2 3239,412,0)
(OPT2 3239,331,0)
(OPT2 3231,293,0)
(OPT2 3231,293,0)
(OPT2 3231,293,0)
(OPT2 3231,293,0)
(OPT2 3231,293,0)
(OPT2 3231,293,0)
(OPT2 3225,293,0)
(OPT2 3225,293,0)
(OPT2 3225,293,0)
(OPT2 3225,293,0)
(OPT2 3225,293,0)
(OPT2 3225,293,0)
(OPT2 3225,293,0)
(OPTIMIZER_2_RUNTIME 93.8974609375)
(OPT_RND 3239,412,0)
(OPT_RND 3239,412,0)
(OPT_RND 3239,412,0)
(OPT_RND 3239,332,0)
(OPT_RND 3239,332,0)
(OPT_RND 3239,332,0)
(OPT_RND 3239,332,0)
(OPT_RND 3239,332,0)
(OPT_RND 3239,332,0)
(OPT_RND 3239,290,0)
(OPT_RND 3239,290,0)
(OPT_RND 3239,290,0)
(OPT_RND 3239,290,0)
(OPT_RND 3239,290,0)
(OPT_RND 3239,289,0)
(OPT_RND 3231,289,0)
(OPT_RND 3231,289,0)
(OPT_RND 3231,289,0)
(OPT_RND 3231,289,0)
(OPT_RND 3231,289,0)
(OPT_RND 3231,289,0)
(OPT_RND 3231,289,0)
(OPT_RND 3231,289,0)
(OPT_RND 3231,289,0)
(OPTIMIZER_RND_RUNTIME 114.819930077)
(OPT_RND 3239,412,0)
(OPT_RND 3239,332,0)
(OPT_RND 3239,332,0)
(OPT_RND 3239,332,0)
(OPT_RND 3239,332,0)
(OPT_RND 3239,332,0)
(OPT_RND 3239,332,0)
(OPT_RND 3239,332,0)
(OPT_RND 3239,332,0)
(OPT_RND 3239,332,0)
(OPT_RND 3239,332,0)
(OPT_RND 3239,332,0)
(OPTIMIZER_RND_RUNTIME 52.848582983)
(OPT_RND 3239,412,0)
(OPT_RND 3239,412,0)
(OPT_RND 3239,412,0)
(OPT_RND 3239,332,0)
(OPT_RND 3239,293,0)
(OPT_RND 3233,293,0)
(OPT_RND 3233,293,0)
(OPT_RND 3233,290,0)
(OPT_RND 3231,290,0)
(OPT_RND 3231,289,0)
(OPT_RND 3231,289,0)
(OPT_RND 3231,289,0)
(OPT_RND 3231,289,0)
(OPT_RND 3231,289,0)
(OPT_RND 3231,289,0)
(OPT_RND 3231,289,0)
(OPT_RND 3231,289,0)
(OPT_RND 3231,289,0)
(OPTIMIZER_RND_RUNTIME 84.6151008606)
(SAT 401,0,47,(inf,0),37.1868140697),
(OPT1 3229,401,0)
(OPT1 3229,401,0)
(OPT1 3229,324,0)
(OPT1 3229,289,0)
(OPT1 3229,289,0)
(OPT1 3229,289,0)
(OPT1 3229,289,0)
(OPT1 3229,289,0)
(OPT1 3229,289,0)
(OPT1 3227,289,0)
(OPT1 3227,289,0)
(OPT1 3227,289,0)
(OPT1 3227,289,0)
(OPT1 3227,289,0)
(OPT1 3227,289,0)
(OPT1 3227,289,0)
(OPT1 3227,289,0)
(OPT1 3227,289,0)
(OPTIMIZER_1_RUNTIME 92.5504829884)
(OPT2 3229,401,0)
(OPT2 3229,401,0)
(OPT2 3229,401,0)
(OPT2 3229,401,0)
(OPT2 3229,324,0)
(OPT2 3229,289,0)
(OPT2 3229,289,0)
(OPT2 3229,289,0)
(OPT2 3229,289,0)
(OPT2 3229,289,0)
(OPT2 3229,289,0)
(OPT2 3227,289,0)
(OPT2 3227,289,0)
(OPT2 3227,289,0)
(OPT2 3227,289,0)
(OPT2 3227,289,0)
(OPT2 3227,289,0)
(OPT2 3227,289,0)
(OPTIMIZER_2_RUNTIME 91.3786611557)
(OPT_RND 3229,401,0)
(OPT_RND 3229,401,0)
(OPT_RND 3229,401,0)
(OPT_RND 3229,326,0)
(OPT_RND 3229,326,0)
(OPT_RND 3229,326,0)
(OPT_RND 3229,326,0)
(OPT_RND 3229,326,0)
(OPT_RND 3229,326,0)
(OPT_RND 3229,286,0)
(OPT_RND 3229,286,0)
(OPT_RND 3229,286,0)
(OPT_RND 3229,286,0)
(OPT_RND 3229,286,0)
(OPT_RND 3229,286,0)
(OPT_RND 3229,286,0)
(OPT_RND 3229,286,0)
(OPT_RND 3229,286,0)
(OPTIMIZER_RND_RUNTIME 89.6581380367)
(OPT_RND 3229,401,0)
(OPT_RND 3229,326,0)
(OPT_RND 3229,326,0)
(OPT_RND 3229,326,0)
(OPT_RND 3229,326,0)
(OPT_RND 3229,326,0)
(OPT_RND 3229,326,0)
(OPT_RND 3229,326,0)
(OPT_RND 3229,326,0)
(OPT_RND 3229,326,0)
(OPT_RND 3229,326,0)
(OPT_RND 3229,326,0)
(OPTIMIZER_RND_RUNTIME 51.9137239456)
(OPT_RND 3229,401,0)
(OPT_RND 3229,401,0)
(OPT_RND 3229,401,0)
(OPT_RND 3229,326,0)
(OPT_RND 3229,290,0)
(OPT_RND 3229,290,0)
(OPT_RND 3229,290,0)
(OPT_RND 3229,286,0)
(OPT_RND 3229,286,0)
(OPT_RND 3229,286,0)
(OPT_RND 3229,286,0)
(OPT_RND 3229,286,0)
(OPT_RND 3229,286,0)
(OPT_RND 3229,286,0)
(OPT_RND 3229,286,0)
(OPT_RND 3229,286,0)
(OPT_RND 3229,286,0)
(OPT_RND 3229,286,0)
(OPTIMIZER_RND_RUNTIME 84.2812452316)
