((1079,inf),(401,0,47,3297),(401,0,47,3297),19.2509739399),
((1079,inf),(416,1,47,3287),(416,1,47,3283),18.9950890541),
((1079,inf),(401,0,47,3247),(401,0,47,3247),19.195346117),
((1079,inf),(389,0,47,3307),(389,0,47,3307),19.1557071209),
((1079,inf),(407,1,47,3303),(407,1,47,3297),19.7267479897),
((389,inf),(389,25,47,3655),(389,25,47,3615),20.2383620739),
((389,inf),(380,0,47,3277),(380,0,47,3277),19.327147007),
((389,inf),(389,320,77,13517),(388,320,77,11129),393.150755882),
((389,inf),(389,298,77,13895),(386,298,77,11089),423.532678843),
((389,inf),(389,7,47,3335),(389,7,47,3335),19.2207419872),
((384,inf),(384,14,47,3365),(384,14,47,3353),19.6202459335),
((384,inf),(380,0,47,3277),(380,0,47,3277),19.1984870434),
((384,inf),(384,236,47,8537),(382,236,47,7405),46.4075140953),
((384,inf),(384,229,52,9635),(377,229,52,7415),130.155730009),
((384,inf),(384,213,47,8977),(381,213,47,7385),67.3036191463),
((379,inf),(379,290,62,11199),(379,290,62,8987),235.001160145),
((379,inf),(379,297,57,10751),(378,297,57,8471),201.454341888),
((379,inf),(379,281,67,12367),(374,281,67,10343),315.700364828),
((374,inf),(374,198,47,8045),(372,198,47,6853),42.8127200603),
((374,inf),(374,241,52,9201),(368,241,52,7689),122.920650959),
((1079,215),(422,1,47,3309),(422,1,47,3309),19.5149669647),
((1079,215),(380,0,47,3277),(380,0,47,3277),19.4316968918),
((1079,215),(416,3,47,3305),(416,3,47,3303),19.5566251278),
((1079,215),(396,1,47,3275),(396,1,47,3275),19.7738509178),
((1079,215),(393,0,47,3275),(393,0,47,3275),22.279335022),
((380,215),(380,215,52,9553),(380,215,52,7941),112.902274132),
((380,215),(380,180,52,9075),(378,180,52,7369),118.34038496),
((380,215),(380,215,77,12961),(372,215,77,10099),437.660655022),
((1079,107),(422,1,47,3309),(422,1,47,3309),19.6298248768),
((1079,107),(380,0,47,3277),(380,0,47,3277),19.5285079479),
((1079,107),(416,3,47,3305),(416,3,47,3303),19.5629508495),
((1079,107),(396,1,47,3275),(396,1,47,3275),19.3783140182),
((1079,107),(393,0,47,3275),(393,0,47,3275),19.3337049484),
((1079,53),(422,1,47,3309),(422,1,47,3309),19.6580030918),
((1079,53),(380,0,47,3277),(380,0,47,3277),19.3755760193),
((1079,53),(416,3,47,3305),(416,3,47,3303),19.9033708572),
((1079,53),(396,1,47,3275),(396,1,47,3275),19.4832909107),
((1079,53),(393,0,47,3275),(393,0,47,3275),19.4525101185),
((1079,0),(388,0,47,3273),(388,0,47,3267),18.5471689701),
((1079,0),(412,0,47,3239),(412,0,47,3239),18.6320879459),
((1079,0),(401,0,47,3229),(401,0,47,3229),18.5895841122),
((1079,0),(392,0,47,3263),(392,0,47,3263),18.4772820473),
((1079,0),(396,0,47,3237),(396,0,47,3237),18.7852499485),
((388,0),(388,0,47,6173),(383,0,47,5083),21.8850169182),
((388,0),(386,0,47,3259),(386,0,47,3255),18.9270908833),
((388,0),(388,0,67,10633),(372,0,67,7571),285.141373873),
((388,0),(384,0,47,3247),(384,0,47,3247),18.8703091145),
((388,0),(388,0,47,3243),(388,0,47,3243),18.8197481632),
((383,0),(383,0,77,12321),(372,0,77,8311),439.699964046),
((378,0),(378,0,47,3425),(378,0,47,3383),19.5695390701),
((378,0),(378,0,47,3333),(378,0,47,3331),19.7883441448),
((373,0),(373,0,77,10839),(356,0,77,7673),440.350899935),
