((979,inf),(480,1,89,3374),(480,1,89,3370),66.1209199429),
((979,inf),(480,1,89,3416),(480,1,89,3416),64.0348858833),
((979,inf),(480,1,89,3416),(480,1,89,3416),62.4439308643),
((979,inf),(480,1,89,3428),(480,1,89,3428),63.8320147991),
((979,inf),(480,1,89,3490),(480,1,89,3490),64.3089849949),
((480,inf),(480,2,89,3396),(480,2,89,3396),66.2693269253),
((480,inf),(480,1,89,3428),(480,1,89,3428),66.9405050278),
((480,inf),(480,1,89,3416),(480,1,89,3416),67.0406041145),
((480,inf),(480,0,89,3374),(480,0,89,3374),63.932446003),
((480,inf),(480,2,89,3438),(480,2,89,3436),64.6278779507),
((475,inf),(475,336,89,12318),(468,336,89,10582),115.8255651),
((475,inf),(475,430,114,20012),(459,430,114,15842),410.067027092),
((475,inf),(475,417,94,12858),(470,417,94,11240),134.624177933),
((475,inf),(475,405,94,15008),(474,405,94,12664),173.128782034),
((475,inf),(475,458,94,14766),(470,458,94,12554),140.202691078),
((470,inf),(470,282,89,10996),(460,282,89,9780),94.7811188698),
((470,inf),(470,295,89,11196),(468,295,89,10274),89.4937560558),
((470,inf),(470,305,89,11376),(466,305,89,10054),101.613471985),
((470,inf),(470,293,89,12202),(465,293,89,10504),110.369793177),
((470,inf),(470,300,89,12208),(463,300,89,10582),107.492141008),
((465,inf),(465,269,89,11050),(460,269,89,9864),101.357238054),
((465,inf),(465,321,89,11778),(464,321,89,10116),113.937933922),
((465,inf),(465,273,89,11298),(462,273,89,10216),97.1082611084),
((465,inf),(465,287,89,10950),(460,287,89,9570),110.197433949),
((465,inf),(465,303,89,11330),(460,303,89,10020),95.5855050087),
((460,inf),(460,359,89,11440),(453,359,89,9898),114.138907909),
((460,inf),(460,416,99,14296),(452,416,99,11576),194.166797876),
((460,inf),(460,295,89,12156),(454,295,89,10704),111.494382143),
((460,inf),(460,310,89,13048),(458,310,89,11438),122.468571186),
((455,inf),(455,321,89,11532),(449,321,89,10160),103.434643984),
((455,inf),(455,352,89,12836),(450,352,89,11070),115.421132088),
((455,inf),(455,348,89,13392),(455,348,89,11828),116.322355986),
((450,inf),(450,450,104,17136),(444,450,104,13556),295.199128866),
((450,inf),(450,417,94,14870),(448,417,94,12758),167.280751944),
((450,inf),(450,329,89,12066),(448,329,89,10670),115.740869045),
((445,inf),(445,312,89,11760),(440,312,89,10496),116.98678112),
((445,inf),(445,316,89,10542),(444,316,89,9132),101.085768938),
((440,inf),(440,272,89,10290),(440,272,89,9238),99.4705228806),
((440,inf),(440,289,89,9988),(440,289,89,9240),89.2087271214),
((440,inf),(440,405,89,12974),(439,405,89,11096),111.205374956),
((440,inf),(440,349,89,12286),(439,349,89,10802),114.330919027),
((435,inf),(435,265,89,10704),(429,265,89,9278),91.23362493515015),
((435,inf),(435,384,89,13342),(429,384,89,11458),125.20586609840393),
((430,inf),(430,362,89,11586),(429,362,89,10510),94.22925114631653),
((430,inf),(430,300,89,10350),(428,300,89,9340),100.737894058),
((430,inf),(430,297,89,10902),(427,297,89,9462),117.24762392),
((430,inf),(430,180,89,9726),(426,180,89,8950),76.036878109),
((425,inf),(425,259,89,9304),(425,259,89,8282),92.7093961239),
((425,inf),(425,280,89,10468),(423,280,89,9258),91.4225261211),
((979,195),(480,0,89,3422),(480,0,89,3418),63.2429730892),
((979,195),(480,2,89,3416),(480,2,89,3416),62.1347949505),
((979,195),(480,1,89,3470),(480,1,89,3470),61.2990729809),
((979,195),(480,1,89,3368),(480,1,89,3368),63.7212538719),
((979,195),(480,1,89,3452),(480,1,89,3448),51.8212480545),
((480,195),(480,0,89,3368),(480,0,89,3368),69.9561109543),
((480,195),(480,1,89,3452),(480,1,89,3452),70.1681039333),
((480,195),(480,2,89,3390),(480,2,89,3390),67.154859066),
((480,195),(480,2,89,3488),(480,2,89,3484),67.975123167),
((480,195),(480,1,89,3408),(480,1,89,3408),67.0311281681),
((475,195),(475,177,89,10980),(472,177,89,9778),91.1835680008),
((470,195),(470,195,89,11020),(457,195,89,9580),91.8894751072),
((470,195),(470,195,89,10894),(466,195,89,9260),114.204262018),
((470,195),(470,195,89,10742),(465,195,89,9012),104.098317146),
((465,195),(465,186,89,10842),(457,186,89,9416),99.1351339817),
((465,195),(465,195,89,10268),(451,195,89,8962),96.9121489525),
((460,195),(460,194,94,12460),(458,194,94,10156),163.665100098),
((460,195),(460,191,89,10128),(458,191,89,8564),96.8637969494),
((455,195),(455,195,89,10622),(454,195,89,9580),89.9471609592),
((455,195),(455,195,89,11478),(449,195,89,9854),110.236834049),
((450,195),(450,189,89,9902),(441,189,89,8478),102.267625809),
((445,195),(445,165,89,9688),(439,165,89,8260),121.039355993),
((445,195),(445,162,89,10716),(441,162,89,9488),90.3558199406),
((440,195),(440,179,89,9586),(438,179,89,8458),87.4438688755),
((440,195),(440,195,89,10830),(435,195,89,9144),112.516181946),
((440,195),(440,195,89,9792),(432,195,89,8968),84.2795088291),
((435,195),(435,120,89,8958),(429,120,89,8136),82.1719260216),
((435,195),(435,195,89,9266),(433,195,89,8130),89.7869679928),
((435,195),(435,195,89,10418),(431,195,89,8750),123.574749947),
((435,195),(435,195,89,9080),(434,195,89,8388),85.4228358269),
((430,195),(430,178,89,10418),(426,178,89,9096),100.66176796),
((430,195),(430,195,89,9690),(430,195,89,8840),85.7922799587),
((425,195),(425,195,89,10398),(425,195,89,8878),119.656707048),
((425,195),(425,184,89,8536),(424,184,89,7586),98.3787138462),
((979,97),(480,0,89,3422),(480,0,89,3418),68.0068759918),
((979,97),(480,2,89,3416),(480,2,89,3416),67.6627681255),
((979,97),(480,1,89,3470),(480,1,89,3470),68.1231369972),
((979,97),(480,1,89,3368),(480,1,89,3368),60.3927519321),
((979,97),(480,1,89,3452),(480,1,89,3448),67.9413890839),
((480,97),(480,0,89,3368),(480,0,89,3368),69.4506201744),
((480,97),(480,1,89,3452),(480,1,89,3452),70.7151889801),
((480,97),(480,2,89,3390),(480,2,89,3390),70.1371850967),
((480,97),(480,2,89,3488),(480,2,89,3484),70.4309878349),
((480,97),(480,1,89,3408),(480,1,89,3408),69.3868560791),
((475,97),(475,97,89,10390),(461,97,89,8444),98.3887939453),
((470,97),(470,97,89,10108),(457,97,89,8586),103.883034945),
((470,97),(470,97,89,10458),(470,97,89,8774),101.943202972),
((465,97),(465,97,89,10848),(456,97,89,8954),99.4838151932),
((979,48),(480,0,89,3422),(480,0,89,3418),68.8449292183),
((979,48),(480,2,89,3416),(480,2,89,3416),66.524228096),
((979,48),(480,1,89,3470),(480,1,89,3470),67.0380740166),
((979,48),(480,1,89,3368),(480,1,89,3368),66.392441988),
((979,48),(480,1,89,3452),(480,1,89,3448),65.8522331715),
((480,48),(480,0,89,3368),(480,0,89,3368),67.2101368904),
((480,48),(480,1,89,3452),(480,1,89,3452),70.4392881393),
((480,48),(480,2,89,3390),(480,2,89,3390),67.9113249779),
((480,48),(480,2,89,3488),(480,2,89,3484),66.8940579891),
((480,48),(480,1,89,3408),(480,1,89,3408),66.4645271301),
((475,48),(475,48,89,10604),(463,48,89,8574),95.9175128937),
((470,48),(470,48,89,9996),(464,48,89,8184),99.0200049877),
((465,48),(465,48,89,10290),(449,48,89,8630),91.0148310661),
((465,48),(465,48,89,10622),(454,48,89,8482),90.2105710506),
((460,48),(460,48,89,10038),(450,48,89,8542),102.897118807),
((979,0),(480,0,89,3334),(480,0,89,3332),65.8224811554),
((979,0),(480,0,89,3430),(480,0,89,3430),65.9488699436),
((979,0),(480,0,89,3384),(480,0,89,3384),65.8683209419),
((979,0),(480,0,89,3358),(480,0,89,3358),65.8928971291),
((979,0),(480,0,89,3390),(480,0,89,3386),62.9693789482),
((480,0),(480,0,89,3366),(480,0,89,3366),63.5919630527),
((480,0),(480,0,89,3374),(480,0,89,3374),64.0749688148),
((480,0),(480,0,89,3360),(480,0,89,3360),68.1101949215),
((480,0),(480,0,89,3326),(480,0,89,3326),64.9391591549),
((480,0),(480,0,89,3376),(480,0,89,3374),67.0968329906),
((475,0),(475,0,89,9706),(465,0,89,8218),70.0419979095),
((470,0),(470,0,89,9516),(451,0,89,7678),73.5130660534),
((470,0),(470,0,89,9326),(464,0,89,7852),71.5195500851),
((470,0),(470,0,89,9494),(462,0,89,8018),74.540104866),
((465,0),(465,0,89,9018),(461,0,89,7904),77.495467186),
((465,0),(465,0,89,9392),(438,0,89,7838),75.363918066),
((465,0),(465,0,89,8868),(454,0,89,7950),73.401763916),
((460,0),(460,0,89,8054),(455,0,89,7266),73.7615880966),
((460,0),(460,0,89,9330),(454,0,89,8060),71.8006639481),
