((944,inf),(432,28,57,3707),(430,28,57,3697),41.771279096603394),
((944,inf),(418,6,57,3595),(418,6,57,3595),41.17507195472717),
((944,inf),(459,18,57,3765),(458,18,57,3757),42.12989783287048),
((944,inf),(418,1,57,3437),(418,1,57,3435),39.70369911193848),
((944,inf),(421,2,57,3555),(421,2,57,3555),40.804418087005615),
((418,inf),(413,2,57,3549),(413,2,57,3549),42.339860916137695),
((418,inf),(416,0,57,3425),(416,0,57,3425),43.77846908569336),
((413,inf),(413,2,57,3549),(413,2,57,3545),43.61056303977966),
((413,inf),(413,40,57,3739),(413,40,57,3701),48.51941180229187),
((408,inf),(408,46,57,4975),(407,46,57,4533),47.099311113357544),
((988,197),(413,2,57,3549),(413,2,57,3549),45.1021261215),
((988,197),(421,1,57,3493),(421,1,57,3493),45.6901609898),
((988,197),(421,2,57,3469),(421,2,57,3469),45.6568470001),
((988,197),(416,0,57,3425),(416,0,57,3425),43.4890449047),
((988,197),(439,15,57,3725),(439,15,57,3723),43.3810999393),
((988,98),(421,2,57,3439),(421,2,57,3439),44.9127831459),
((988,98),(410,1,57,3541),(410,1,57,3541),45.7378389835),
((988,98),(425,8,57,3607),(425,8,57,3603),46.3165171146),
((988,98),(417,2,57,3433),(417,2,57,3433),45.5248508453),
((988,98),(419,7,57,3631),(419,7,57,3631),44.2501490116),
((988,49),(421,2,57,3439),(421,2,57,3439),45.8288152218),
((988,49),(410,1,57,3541),(410,1,57,3541),44.9470288754),
((988,49),(425,8,57,3607),(425,8,57,3603),45.4445080757),
((988,49),(417,2,57,3433),(417,2,57,3433),42.9330000877),
((988,49),(419,7,57,3631),(419,7,57,3631),43.0136818886),
((988,0),(420,0,57,3485),(420,0,57,3485),22.9112210274),
((988,0),(411,0,57,3485),(411,0,57,3485),43.0043139458),
((988,0),(424,0,57,3465),(424,0,57,3463),44.7392759323),
((988,0),(418,0,57,3403),(418,0,57,3403),44.2031490803),
((988,0),(418,0,57,3463),(418,0,57,3463),41.5890350342),
((411,0),(411,0,57,3499),(411,0,57,3473),46.3138461113),
((411,0),(411,0,57,3519),(410,0,57,3473),44.6474409103),
((406,0),(406,0,57,3517),(405,0,57,3465),46.5843141079),
