(SAT 421,2,57,(inf,inf),44.5994510651),
(OPT1 3557,421,2)
(OPT1 3551,420,2)
(OPT1 3551,378,2)
(OPT1 3541,362,2)
(OPT1 3523,362,0)
(OPT1 3523,362,0)
(OPT1 3523,362,0)
(OPT1 3509,362,0)
(OPT1 3509,362,0)
(OPT1 3505,362,0)
(OPT1 3505,362,0)
(OPT1 3505,362,0)
(OPT1 3505,362,0)
(OPT1 3505,362,0)
(OPT1 3505,362,0)
(OPT1 3505,362,0)
(OPT1 3505,362,0)
(OPT1 3505,362,0)
(OPTIMIZER_1_RUNTIME 89.2579131126)
(OPT2 3557,421,2)
(OPT2 3539,422,0)
(OPT2 3539,422,0)
(OPT2 3519,421,0)
(OPT2 3519,378,0)
(OPT2 3509,362,0)
(OPT2 3509,362,0)
(OPT2 3509,362,0)
(OPT2 3509,362,0)
(OPT2 3509,362,0)
(OPT2 3509,362,0)
(OPT2 3505,362,0)
(OPT2 3505,362,0)
(OPT2 3505,362,0)
(OPT2 3505,362,0)
(OPT2 3505,362,0)
(OPT2 3505,362,0)
(OPT2 3505,362,0)
(OPTIMIZER_2_RUNTIME 89.1154551506)
(OPT_RND 3537,422,0)
(OPT_RND 3537,422,0)
(OPT_RND 3537,422,0)
(OPT_RND 3519,383,0)
(OPT_RND 3519,383,0)
(OPT_RND 3519,383,0)
(OPT_RND 3519,383,0)
(OPT_RND 3519,383,0)
(OPT_RND 3519,383,0)
(OPT_RND 3519,359,0)
(OPT_RND 3519,359,0)
(OPT_RND 3519,359,0)
(OPT_RND 3519,359,0)
(OPT_RND 3519,359,0)
(OPT_RND 3519,359,0)
(OPT_RND 3507,359,0)
(OPT_RND 3507,359,0)
(OPT_RND 3505,359,0)
(OPT_RND 3505,359,0)
(OPT_RND 3505,359,0)
(OPT_RND 3505,359,0)
(OPT_RND 3505,359,0)
(OPT_RND 3505,359,0)
(OPT_RND 3505,359,0)
(OPTIMIZER_RND_RUNTIME 110.696568012)
(OPT_RND 3555,422,2)
(OPT_RND 3551,383,2)
(OPT_RND 3533,383,0)
(OPT_RND 3533,383,0)
(OPT_RND 3519,383,0)
(OPT_RND 3519,383,0)
(OPT_RND 3519,383,0)
(OPT_RND 3519,383,0)
(OPT_RND 3519,383,0)
(OPT_RND 3519,383,0)
(OPT_RND 3519,383,0)
(OPT_RND 3519,383,0)
(OPTIMIZER_RND_RUNTIME 51.5951089859)
(OPT_RND 3557,421,2)
(OPT_RND 3557,422,2)
(OPT_RND 3557,422,2)
(OPT_RND 3551,383,2)
(OPT_RND 3551,360,2)
(OPT_RND 3545,360,2)
(OPT_RND 3545,360,2)
(OPT_RND 3545,359,2)
(OPT_RND 3539,359,2)
(OPT_RND 3537,359,2)
(OPT_RND 3537,359,2)
(OPT_RND 3537,359,2)
(OPT_RND 3519,359,0)
(OPT_RND 3519,359,0)
(OPT_RND 3519,359,0)
(OPT_RND 3519,359,0)
(OPT_RND 3507,359,0)
(OPT_RND 3507,359,0)
(OPT_RND 3507,359,0)
(OPT_RND 3505,359,0)
(OPT_RND 3505,359,0)
(OPT_RND 3505,359,0)
(OPT_RND 3505,359,0)
(OPT_RND 3505,359,0)
(OPT_RND 3505,359,0)
(OPT_RND 3505,359,0)
(OPT_RND 3505,359,0)
(OPT_RND 3505,359,0)
(OPT_RND 3505,359,0)
(OPT_RND 3505,359,0)
(OPTIMIZER_RND_RUNTIME 136.712388992)
(SAT 418,6,57,(inf,inf),35.7503068447),
(OPT1 3597,418,6)
(OPT1 3597,418,6)
(OPT1 3597,370,6)
(OPT1 3593,355,6)
(OPT1 3573,355,0)
(OPT1 3573,355,0)
(OPT1 3573,355,0)
(OPT1 3559,355,0)
(OPT1 3559,354,0)
(OPT1 3559,354,0)
(OPT1 3559,354,0)
(OPT1 3559,354,0)
(OPT1 3559,354,0)
(OPT1 3559,354,0)
(OPT1 3559,354,0)
(OPT1 3555,354,0)
(OPT1 3555,354,0)
(OPT1 3555,354,0)
(OPT1 3555,354,0)
(OPT1 3555,354,0)
(OPT1 3555,354,0)
(OPT1 3555,354,0)
(OPT1 3555,354,0)
(OPT1 3555,354,0)
(OPTIMIZER_1_RUNTIME 94.8315241337)
(OPT2 3597,418,6)
(OPT2 3577,419,0)
(OPT2 3577,419,0)
(OPT2 3561,419,0)
(OPT2 3561,371,0)
(OPT2 3557,355,0)
(OPT2 3557,355,0)
(OPT2 3557,355,0)
(OPT2 3557,355,0)
(OPT2 3557,355,0)
(OPT2 3557,354,0)
(OPT2 3557,354,0)
(OPT2 3557,354,0)
(OPT2 3557,354,0)
(OPT2 3557,354,0)
(OPT2 3557,354,0)
(OPT2 3557,354,0)
(OPT2 3553,354,0)
(OPT2 3553,354,0)
(OPT2 3553,354,0)
(OPT2 3553,354,0)
(OPT2 3553,354,0)
(OPT2 3553,354,0)
(OPT2 3553,354,0)
(OPTIMIZER_2_RUNTIME 112.424208164)
(OPT_RND 3577,419,0)
(OPT_RND 3577,419,0)
(OPT_RND 3577,419,0)
(OPT_RND 3561,377,0)
(OPT_RND 3561,377,0)
(OPT_RND 3561,377,0)
(OPT_RND 3561,377,0)
(OPT_RND 3561,377,0)
(OPT_RND 3561,377,0)
(OPT_RND 3561,354,0)
(OPT_RND 3561,354,0)
(OPT_RND 3561,354,0)
(OPT_RND 3561,354,0)
(OPT_RND 3561,354,0)
(OPT_RND 3561,354,0)
(OPT_RND 3555,354,0)
(OPT_RND 3555,354,0)
(OPT_RND 3553,354,0)
(OPT_RND 3553,354,0)
(OPT_RND 3553,354,0)
(OPT_RND 3553,354,0)
(OPT_RND 3553,354,0)
(OPT_RND 3553,354,0)
(OPT_RND 3553,354,0)
(OPTIMIZER_RND_RUNTIME 113.006626844)
(OPT_RND 3597,419,6)
(OPT_RND 3597,377,6)
(OPT_RND 3577,377,0)
(OPT_RND 3577,377,0)
(OPT_RND 3561,377,0)
(OPT_RND 3561,377,0)
(OPT_RND 3561,377,0)
(OPT_RND 3561,377,0)
(OPT_RND 3561,377,0)
(OPT_RND 3561,377,0)
(OPT_RND 3561,377,0)
(OPT_RND 3561,377,0)
(OPTIMIZER_RND_RUNTIME 51.9028170109)
(OPT_RND 3597,418,6)
(OPT_RND 3597,419,6)
(OPT_RND 3597,419,6)
(OPT_RND 3597,377,6)
(OPT_RND 3597,354,6)
(OPT_RND 3593,354,6)
(OPT_RND 3593,354,6)
(OPT_RND 3593,354,6)
(OPT_RND 3589,354,6)
(OPT_RND 3589,354,6)
(OPT_RND 3589,354,6)
(OPT_RND 3589,354,6)
(OPT_RND 3569,354,0)
(OPT_RND 3569,354,0)
(OPT_RND 3569,354,0)
(OPT_RND 3569,354,0)
(OPT_RND 3555,354,0)
(OPT_RND 3555,354,0)
(OPT_RND 3555,354,0)
(OPT_RND 3551,354,0)
(OPT_RND 3551,354,0)
(OPT_RND 3551,354,0)
(OPT_RND 3551,354,0)
(OPT_RND 3551,354,0)
(OPT_RND 3551,354,0)
(OPT_RND 3551,354,0)
(OPT_RND 3551,354,0)
(OPT_RND 3551,354,0)
(OPT_RND 3551,354,0)
(OPT_RND 3551,354,0)
(OPTIMIZER_RND_RUNTIME 140.856359959)
(SAT 444,5,57,(inf,inf),43.6692898273),
(OPT1 3581,444,5)
(OPT1 3579,444,5)
(OPT1 3579,378,5)
(OPT1 3559,370,5)
(OPT1 3527,372,0)
(OPT1 3527,372,0)
(OPT1 3527,372,0)
(OPT1 3509,372,0)
(OPT1 3509,371,0)
(OPT1 3505,369,0)
(OPT1 3505,369,0)
(OPT1 3505,369,0)
(OPT1 3505,369,0)
(OPT1 3505,369,0)
(OPT1 3505,369,0)
(OPT1 3505,369,0)
(OPT1 3505,369,0)
(OPT1 3505,369,0)
(OPTIMIZER_1_RUNTIME 90.5282418728)
(OPT2 3581,444,5)
(OPT2 3549,449,0)
(OPT2 3549,449,0)
(OPT2 3529,446,0)
(OPT2 3529,379,0)
(OPT2 3505,370,0)
(OPT2 3505,370,0)
(OPT2 3505,370,0)
(OPT2 3505,370,0)
(OPT2 3505,370,0)
(OPT2 3505,369,0)
(OPT2 3505,369,0)
(OPT2 3505,369,0)
(OPT2 3505,369,0)
(OPT2 3505,369,0)
(OPT2 3505,369,0)
(OPT2 3505,369,0)
(OPT2 3505,369,0)
(OPTIMIZER_2_RUNTIME 89.643116951)
(OPT_RND 3547,449,0)
(OPT_RND 3547,449,0)
(OPT_RND 3547,449,0)
(OPT_RND 3527,382,0)
(OPT_RND 3527,382,0)
(OPT_RND 3527,382,0)
(OPT_RND 3527,382,0)
(OPT_RND 3527,382,0)
(OPT_RND 3527,382,0)
(OPT_RND 3527,367,0)
(OPT_RND 3527,367,0)
(OPT_RND 3527,367,0)
(OPT_RND 3527,367,0)
(OPT_RND 3527,367,0)
(OPT_RND 3527,367,0)
(OPT_RND 3505,367,0)
(OPT_RND 3505,367,0)
(OPT_RND 3503,367,0)
(OPT_RND 3503,367,0)
(OPT_RND 3503,367,0)
(OPT_RND 3503,367,0)
(OPT_RND 3503,367,0)
(OPT_RND 3503,367,0)
(OPT_RND 3503,367,0)
(OPTIMIZER_RND_RUNTIME 112.68269515)
(OPT_RND 3579,448,5)
(OPT_RND 3577,382,5)
(OPT_RND 3545,382,0)
(OPT_RND 3545,382,0)
(OPT_RND 3527,382,0)
(OPT_RND 3527,382,0)
(OPT_RND 3527,382,0)
(OPT_RND 3527,382,0)
(OPT_RND 3527,382,0)
(OPT_RND 3527,382,0)
(OPT_RND 3527,382,0)
(OPT_RND 3527,382,0)
(OPTIMIZER_RND_RUNTIME 51.9538748264)
(OPT_RND 3581,444,5)
(OPT_RND 3581,448,5)
(OPT_RND 3581,448,5)
(OPT_RND 3577,382,5)
(OPT_RND 3577,368,5)
(OPT_RND 3557,368,5)
(OPT_RND 3557,368,5)
(OPT_RND 3557,366,5)
(OPT_RND 3557,366,5)
(OPT_RND 3557,366,5)
(OPT_RND 3557,366,5)
(OPT_RND 3557,366,5)
(OPT_RND 3525,366,0)
(OPT_RND 3525,366,0)
(OPT_RND 3525,366,0)
(OPT_RND 3525,366,0)
(OPT_RND 3507,366,0)
(OPT_RND 3507,366,0)
(OPT_RND 3507,366,0)
(OPT_RND 3503,366,0)
(OPT_RND 3503,366,0)
(OPT_RND 3503,366,0)
(OPT_RND 3503,366,0)
(OPT_RND 3503,366,0)
(OPT_RND 3503,366,0)
(OPT_RND 3503,366,0)
(OPT_RND 3503,366,0)
(OPT_RND 3503,366,0)
(OPT_RND 3503,366,0)
(OPT_RND 3503,366,0)
(OPTIMIZER_RND_RUNTIME 142.561105967)
(SAT 413,2,57,(413,inf),45.1728560925),
(OPT1 3551,413,2)
(OPT1 3547,413,2)
(OPT1 3547,371,2)
(OPT1 3541,359,2)
(OPT1 3525,359,0)
(OPT1 3525,359,0)
(OPT1 3525,359,0)
(OPT1 3509,359,0)
(OPT1 3509,359,0)
(OPT1 3503,359,0)
(OPT1 3503,359,0)
(OPT1 3503,359,0)
(OPT1 3503,359,0)
(OPT1 3503,359,0)
(OPT1 3503,359,0)
(OPT1 3503,359,0)
(OPT1 3503,359,0)
(OPT1 3503,359,0)
(OPTIMIZER_1_RUNTIME 90.2687470913)
(OPT2 3551,413,2)
(OPT2 3537,413,1)
(OPT2 3537,413,1)
(OPT2 3521,413,1)
(OPT2 3521,371,1)
(OPT2 3515,359,1)
(OPT2 3515,359,0)
(OPT2 3515,359,0)
(OPT2 3515,359,0)
(OPT2 3515,359,0)
(OPT2 3515,359,0)
(OPT2 3509,359,0)
(OPT2 3509,359,0)
(OPT2 3509,359,0)
(OPT2 3509,359,0)
(OPT2 3509,359,0)
(OPT2 3509,359,0)
(OPT2 3509,359,0)
(OPTIMIZER_2_RUNTIME 90.4640619755)
(OPT_RND 3537,413,1)
(OPT_RND 3537,413,1)
(OPT_RND 3537,413,0)
(OPT_RND 3521,373,0)
(OPT_RND 3521,373,0)
(OPT_RND 3521,373,0)
(OPT_RND 3521,373,0)
(OPT_RND 3521,373,0)
(OPT_RND 3521,373,0)
(OPT_RND 3521,359,0)
(OPT_RND 3521,359,0)
(OPT_RND 3521,359,0)
(OPT_RND 3521,359,0)
(OPT_RND 3521,359,0)
(OPT_RND 3521,359,0)
(OPT_RND 3513,359,0)
(OPT_RND 3513,359,0)
(OPT_RND 3513,359,0)
(OPT_RND 3513,359,0)
(OPT_RND 3513,359,0)
(OPT_RND 3513,359,0)
(OPT_RND 3513,359,0)
(OPT_RND 3513,359,0)
(OPT_RND 3513,359,0)
(OPTIMIZER_RND_RUNTIME 112.020253897)
(OPT_RND 3551,413,2)
(OPT_RND 3547,373,2)
(OPT_RND 3531,373,0)
(OPT_RND 3531,373,0)
(OPT_RND 3515,373,0)
(OPT_RND 3515,373,0)
(OPT_RND 3515,373,0)
(OPT_RND 3515,373,0)
(OPT_RND 3515,373,0)
(OPT_RND 3515,373,0)
(OPT_RND 3515,373,0)
(OPT_RND 3515,373,0)
(OPTIMIZER_RND_RUNTIME 50.302642107)
(OPT_RND 3551,413,2)
(OPT_RND 3551,413,2)
(OPT_RND 3551,413,2)
(OPT_RND 3547,373,2)
(OPT_RND 3547,360,2)
(OPT_RND 3541,360,2)
(OPT_RND 3541,360,2)
(OPT_RND 3541,359,2)
(OPT_RND 3539,359,2)
(OPT_RND 3539,359,2)
(OPT_RND 3539,359,2)
(OPT_RND 3539,359,2)
(OPT_RND 3523,359,0)
(OPT_RND 3523,359,0)
(OPT_RND 3523,359,0)
(OPT_RND 3523,359,0)
(OPT_RND 3507,359,0)
(OPT_RND 3507,359,0)
(OPT_RND 3507,359,0)
(OPT_RND 3501,359,0)
(OPT_RND 3501,359,0)
(OPT_RND 3501,359,0)
(OPT_RND 3501,359,0)
(OPT_RND 3501,359,0)
(OPT_RND 3501,359,0)
(OPT_RND 3501,359,0)
(OPT_RND 3501,359,0)
(OPT_RND 3501,359,0)
(OPT_RND 3501,359,0)
(OPT_RND 3501,359,0)
(OPTIMIZER_RND_RUNTIME 140.894043922)
(SAT 413,2,57,(inf,197),42.7925651073),
(OPT1 3549,413,2)
(OPT1 3549,413,2)
(OPT1 3549,371,2)
(OPT1 3543,359,2)
(OPT1 3531,359,0)
(OPT1 3531,359,0)
(OPT1 3531,359,0)
(OPT1 3523,359,0)
(OPT1 3523,359,0)
(OPT1 3515,359,0)
(OPT1 3515,359,0)
(OPT1 3515,359,0)
(OPT1 3515,359,0)
(OPT1 3515,359,0)
(OPT1 3515,359,0)
(OPT1 3515,359,0)
(OPT1 3515,359,0)
(OPT1 3515,359,0)
(OPTIMIZER_1_RUNTIME 90.9936218262)
(OPT2 3549,413,2)
(OPT2 3537,413,0)
(OPT2 3537,413,0)
(OPT2 3529,413,0)
(OPT2 3529,371,0)
(OPT2 3523,359,0)
(OPT2 3523,359,0)
(OPT2 3523,359,0)
(OPT2 3523,359,0)
(OPT2 3523,359,0)
(OPT2 3523,359,0)
(OPT2 3515,359,0)
(OPT2 3515,359,0)
(OPT2 3515,359,0)
(OPT2 3515,359,0)
(OPT2 3515,359,0)
(OPT2 3515,359,0)
(OPT2 3515,359,0)
(OPTIMIZER_2_RUNTIME 90.0303800106)
(OPT_RND 3537,413,0)
(OPT_RND 3537,413,0)
(OPT_RND 3537,413,0)
(OPT_RND 3529,371,0)
(OPT_RND 3529,371,0)
(OPT_RND 3529,371,0)
(OPT_RND 3529,371,0)
(OPT_RND 3529,371,0)
(OPT_RND 3529,371,0)
(OPT_RND 3529,359,0)
(OPT_RND 3529,359,0)
(OPT_RND 3529,359,0)
(OPT_RND 3529,359,0)
(OPT_RND 3529,359,0)
(OPT_RND 3529,359,0)
(OPT_RND 3519,359,0)
(OPT_RND 3519,359,0)
(OPT_RND 3519,359,0)
(OPT_RND 3519,359,0)
(OPT_RND 3519,359,0)
(OPT_RND 3519,359,0)
(OPT_RND 3519,359,0)
(OPT_RND 3519,359,0)
(OPT_RND 3519,359,0)
(OPTIMIZER_RND_RUNTIME 112.769058943)
(OPT_RND 3549,413,2)
(OPT_RND 3549,371,2)
(OPT_RND 3537,371,0)
(OPT_RND 3537,371,0)
(OPT_RND 3529,371,0)
(OPT_RND 3529,371,0)
(OPT_RND 3529,371,0)
(OPT_RND 3529,371,0)
(OPT_RND 3529,371,0)
(OPT_RND 3529,371,0)
(OPT_RND 3529,371,0)
(OPT_RND 3529,371,0)
(OPTIMIZER_RND_RUNTIME 52.0371530056)
(OPT_RND 3549,413,2)
(OPT_RND 3549,413,2)
(OPT_RND 3549,413,2)
(OPT_RND 3549,371,2)
(OPT_RND 3549,360,2)
(OPT_RND 3543,360,2)
(OPT_RND 3543,360,2)
(OPT_RND 3543,359,2)
(OPT_RND 3539,359,2)
(OPT_RND 3539,359,2)
(OPT_RND 3539,359,2)
(OPT_RND 3539,359,2)
(OPT_RND 3527,359,0)
(OPT_RND 3527,359,0)
(OPT_RND 3527,359,0)
(OPT_RND 3527,359,0)
(OPT_RND 3519,359,0)
(OPT_RND 3519,359,0)
(OPT_RND 3519,359,0)
(OPT_RND 3513,359,0)
(OPT_RND 3513,359,0)
(OPT_RND 3513,359,0)
(OPT_RND 3513,359,0)
(OPT_RND 3513,359,0)
(OPT_RND 3513,359,0)
(OPT_RND 3513,359,0)
(OPT_RND 3513,359,0)
(OPT_RND 3513,359,0)
(OPT_RND 3513,359,0)
(OPT_RND 3513,359,0)
(OPTIMIZER_RND_RUNTIME 142.483503103)
(SAT 421,1,57,(inf,197),45.5975558758),
(OPT1 3493,421,1)
(OPT1 3493,421,1)
(OPT1 3493,374,1)
(OPT1 3489,365,1)
(OPT1 3485,365,0)
(OPT1 3485,365,0)
(OPT1 3485,365,0)
(OPT1 3479,365,0)
(OPT1 3479,365,0)
(OPT1 3477,364,0)
(OPT1 3477,364,0)
(OPT1 3477,364,0)
(OPT1 3477,364,0)
(OPT1 3477,364,0)
(OPT1 3477,364,0)
(OPT1 3475,364,0)
(OPT1 3475,364,0)
(OPT1 3475,364,0)
(OPT1 3475,364,0)
(OPT1 3475,364,0)
(OPT1 3475,364,0)
(OPT1 3473,364,0)
(OPT1 3473,364,0)
(OPT1 3473,364,0)
(OPT1 3473,364,0)
(OPT1 3473,364,0)
(OPT1 3473,364,0)
(OPT1 3473,364,0)
(OPT1 3473,364,0)
(OPT1 3473,364,0)
(OPTIMIZER_1_RUNTIME 135.913679123)
(OPT2 3493,421,1)
(OPT2 3489,421,0)
(OPT2 3489,421,0)
(OPT2 3483,421,0)
(OPT2 3483,374,0)
(OPT2 3479,365,0)
(OPT2 3479,365,0)
(OPT2 3479,365,0)
(OPT2 3479,365,0)
(OPT2 3479,365,0)
(OPT2 3479,365,0)
(OPT2 3477,364,0)
(OPT2 3477,364,0)
(OPT2 3477,364,0)
(OPT2 3477,364,0)
(OPT2 3477,364,0)
(OPT2 3477,364,0)
(OPT2 3475,364,0)
(OPT2 3475,364,0)
(OPT2 3475,364,0)
(OPT2 3475,364,0)
(OPT2 3475,364,0)
(OPT2 3475,364,0)
(OPT2 3473,364,0)
(OPT2 3473,364,0)
(OPT2 3473,364,0)
(OPT2 3473,364,0)
(OPT2 3473,364,0)
(OPT2 3473,364,0)
(OPT2 3473,364,0)
(OPTIMIZER_2_RUNTIME 141.458810091)
(OPT_RND 3489,421,0)
(OPT_RND 3489,421,0)
(OPT_RND 3489,421,0)
(OPT_RND 3483,375,0)
(OPT_RND 3483,375,0)
(OPT_RND 3483,375,0)
(OPT_RND 3483,375,0)
(OPT_RND 3483,375,0)
(OPT_RND 3483,375,0)
(OPT_RND 3483,364,0)
(OPT_RND 3483,364,0)
(OPT_RND 3483,364,0)
(OPT_RND 3483,364,0)
(OPT_RND 3483,364,0)
(OPT_RND 3483,364,0)
(OPT_RND 3479,364,0)
(OPT_RND 3479,364,0)
(OPT_RND 3479,364,0)
(OPT_RND 3479,364,0)
(OPT_RND 3479,364,0)
(OPT_RND 3479,364,0)
(OPT_RND 3479,364,0)
(OPT_RND 3479,364,0)
(OPT_RND 3479,364,0)
(OPTIMIZER_RND_RUNTIME 109.089352131)
(OPT_RND 3493,421,1)
(OPT_RND 3493,375,1)
(OPT_RND 3489,375,0)
(OPT_RND 3489,375,0)
(OPT_RND 3483,375,0)
(OPT_RND 3483,375,0)
(OPT_RND 3483,375,0)
(OPT_RND 3483,375,0)
(OPT_RND 3483,375,0)
(OPT_RND 3483,375,0)
(OPT_RND 3483,375,0)
(OPT_RND 3483,375,0)
(OPTIMIZER_RND_RUNTIME 50.2669858932)
(OPT_RND 3493,421,1)
(OPT_RND 3493,421,1)
(OPT_RND 3493,421,1)
(OPT_RND 3493,375,1)
(OPT_RND 3493,366,1)
(OPT_RND 3489,366,1)
(OPT_RND 3489,366,1)
(OPT_RND 3489,364,1)
(OPT_RND 3487,364,1)
(OPT_RND 3487,364,1)
(OPT_RND 3487,364,1)
(OPT_RND 3487,364,1)
(OPT_RND 3483,364,0)
(OPT_RND 3483,364,0)
(OPT_RND 3483,364,0)
(OPT_RND 3483,364,0)
(OPT_RND 3477,364,0)
(OPT_RND 3477,364,0)
(OPT_RND 3477,364,0)
(OPT_RND 3475,364,0)
(OPT_RND 3475,364,0)
(OPT_RND 3475,364,0)
(OPT_RND 3475,364,0)
(OPT_RND 3475,364,0)
(OPT_RND 3475,364,0)
(OPT_RND 3475,364,0)
(OPT_RND 3475,364,0)
(OPT_RND 3475,364,0)
(OPT_RND 3475,364,0)
(OPT_RND 3475,364,0)
(OPTIMIZER_RND_RUNTIME 137.509538889)
(SAT 421,2,57,(inf,197),43.8250520229),
(OPT1 3469,421,2)
(OPT1 3469,421,2)
(OPT1 3469,375,2)
(OPT1 3463,365,2)
(OPT1 3457,365,0)
(OPT1 3457,365,0)
(OPT1 3457,365,0)
(OPT1 3457,365,0)
(OPT1 3457,364,0)
(OPT1 3453,364,0)
(OPT1 3453,364,0)
(OPT1 3453,364,0)
(OPT1 3453,364,0)
(OPT1 3453,364,0)
(OPT1 3453,364,0)
(OPT1 3451,364,0)
(OPT1 3451,364,0)
(OPT1 3451,364,0)
(OPT1 3451,364,0)
(OPT1 3451,364,0)
(OPT1 3451,364,0)
(OPT1 3451,364,0)
(OPT1 3451,364,0)
(OPT1 3451,364,0)
(OPTIMIZER_1_RUNTIME 112.478674889)
(OPT2 3469,421,2)
(OPT2 3463,421,0)
(OPT2 3463,421,0)
(OPT2 3463,421,0)
(OPT2 3463,375,0)
(OPT2 3457,365,0)
(OPT2 3457,365,0)
(OPT2 3457,365,0)
(OPT2 3457,365,0)
(OPT2 3457,365,0)
(OPT2 3457,364,0)
(OPT2 3453,364,0)
(OPT2 3453,364,0)
(OPT2 3453,364,0)
(OPT2 3453,364,0)
(OPT2 3453,364,0)
(OPT2 3453,364,0)
(OPT2 3451,364,0)
(OPT2 3451,364,0)
(OPT2 3451,364,0)
(OPT2 3451,364,0)
(OPT2 3451,364,0)
(OPT2 3451,364,0)
(OPT2 3451,364,0)
(OPTIMIZER_2_RUNTIME 112.695713997)
(OPT_RND 3463,421,0)
(OPT_RND 3463,421,0)
(OPT_RND 3463,421,0)
(OPT_RND 3463,376,0)
(OPT_RND 3463,376,0)
(OPT_RND 3463,376,0)
(OPT_RND 3463,376,0)
(OPT_RND 3463,376,0)
(OPT_RND 3463,376,0)
(OPT_RND 3463,363,0)
(OPT_RND 3463,363,0)
(OPT_RND 3463,363,0)
(OPT_RND 3463,363,0)
(OPT_RND 3463,363,0)
(OPT_RND 3463,363,0)
(OPT_RND 3459,363,0)
(OPT_RND 3459,363,0)
(OPT_RND 3457,363,0)
(OPT_RND 3457,363,0)
(OPT_RND 3457,363,0)
(OPT_RND 3457,363,0)
(OPT_RND 3457,363,0)
(OPT_RND 3457,363,0)
(OPT_RND 3457,363,0)
(OPTIMIZER_RND_RUNTIME 109.000747919)
(OPT_RND 3469,421,2)
(OPT_RND 3469,376,2)
(OPT_RND 3463,376,0)
(OPT_RND 3463,376,0)
(OPT_RND 3463,376,0)
(OPT_RND 3463,376,0)
(OPT_RND 3463,376,0)
(OPT_RND 3463,376,0)
(OPT_RND 3463,376,0)
(OPT_RND 3463,376,0)
(OPT_RND 3463,376,0)
(OPT_RND 3463,376,0)
(OPTIMIZER_RND_RUNTIME 46.349476099)
(OPT_RND 3469,421,2)
(OPT_RND 3469,421,2)
(OPT_RND 3469,421,2)
(OPT_RND 3469,376,2)
(OPT_RND 3469,363,2)
(OPT_RND 3465,363,2)
(OPT_RND 3465,363,2)
(OPT_RND 3465,363,2)
(OPT_RND 3461,363,2)
(OPT_RND 3459,363,2)
(OPT_RND 3459,363,2)
(OPT_RND 3459,363,2)
(OPT_RND 3453,363,0)
(OPT_RND 3453,363,0)
(OPT_RND 3453,363,0)
(OPT_RND 3453,363,0)
(OPT_RND 3453,363,0)
(OPT_RND 3453,363,0)
(OPT_RND 3453,363,0)
(OPT_RND 3451,363,0)
(OPT_RND 3451,363,0)
(OPT_RND 3451,363,0)
(OPT_RND 3451,363,0)
(OPT_RND 3451,363,0)
(OPT_RND 3451,363,0)
(OPT_RND 3451,363,0)
(OPT_RND 3451,363,0)
(OPT_RND 3451,363,0)
(OPT_RND 3451,363,0)
(OPT_RND 3451,363,0)
(OPTIMIZER_RND_RUNTIME 138.430619001)
(SAT 421,2,57,(inf,98),41.4550681114),
(OPT1 3439,421,2)
(OPT1 3439,421,2)
(OPT1 3439,375,2)
(OPT1 3437,361,2)
(OPT1 3431,361,0)
(OPT1 3431,361,0)
(OPT1 3431,361,0)
(OPT1 3427,361,0)
(OPT1 3427,358,0)
(OPT1 3423,358,0)
(OPT1 3423,358,0)
(OPT1 3423,358,0)
(OPT1 3423,358,0)
(OPT1 3423,358,0)
(OPT1 3423,358,0)
(OPT1 3423,358,0)
(OPT1 3423,358,0)
(OPT1 3423,358,0)
(OPTIMIZER_1_RUNTIME 65.5804870129)
(OPT2 3439,421,2)
(OPT2 3433,421,0)
(OPT2 3433,421,0)
(OPT2 3429,419,0)
(OPT2 3429,373,0)
(OPT2 3427,361,0)
(OPT2 3427,361,0)
(OPT2 3427,361,0)
(OPT2 3427,361,0)
(OPT2 3427,361,0)
(OPT2 3427,358,0)
(OPT2 3423,358,0)
(OPT2 3423,358,0)
(OPT2 3423,358,0)
(OPT2 3423,358,0)
(OPT2 3423,358,0)
(OPT2 3423,358,0)
(OPT2 3423,358,0)
(OPTIMIZER_2_RUNTIME 87.4285748005)
(OPT_RND 3433,421,0)
(OPT_RND 3433,421,0)
(OPT_RND 3433,421,0)
(OPT_RND 3429,375,0)
(OPT_RND 3429,375,0)
(OPT_RND 3429,375,0)
(OPT_RND 3429,375,0)
(OPT_RND 3429,375,0)
(OPT_RND 3429,375,0)
(OPT_RND 3429,360,0)
(OPT_RND 3429,360,0)
(OPT_RND 3429,360,0)
(OPT_RND 3429,360,0)
(OPT_RND 3429,360,0)
(OPT_RND 3429,360,0)
(OPT_RND 3427,360,0)
(OPT_RND 3427,360,0)
(OPT_RND 3427,360,0)
(OPT_RND 3427,360,0)
(OPT_RND 3427,360,0)
(OPT_RND 3427,360,0)
(OPT_RND 3427,360,0)
(OPT_RND 3427,360,0)
(OPT_RND 3427,360,0)
(OPTIMIZER_RND_RUNTIME 106.254423141)
(OPT_RND 3439,421,2)
(OPT_RND 3439,375,2)
(OPT_RND 3433,375,0)
(OPT_RND 3433,375,0)
(OPT_RND 3429,375,0)
(OPT_RND 3429,375,0)
(OPT_RND 3429,375,0)
(OPT_RND 3429,375,0)
(OPT_RND 3429,375,0)
(OPT_RND 3429,375,0)
(OPT_RND 3429,375,0)
(OPT_RND 3429,375,0)
(OPTIMIZER_RND_RUNTIME 49.8450679779)
(OPT_RND 3439,421,2)
(OPT_RND 3439,421,2)
(OPT_RND 3439,421,2)
(OPT_RND 3439,375,2)
(OPT_RND 3439,361,2)
(OPT_RND 3439,361,2)
(OPT_RND 3439,361,2)
(OPT_RND 3439,361,2)
(OPT_RND 3437,361,2)
(OPT_RND 3437,361,2)
(OPT_RND 3437,361,2)
(OPT_RND 3437,361,2)
(OPT_RND 3431,361,0)
(OPT_RND 3431,361,0)
(OPT_RND 3431,361,0)
(OPT_RND 3431,361,0)
(OPT_RND 3427,361,0)
(OPT_RND 3427,361,0)
(OPT_RND 3427,360,0)
(OPT_RND 3423,360,0)
(OPT_RND 3423,360,0)
(OPT_RND 3423,360,0)
(OPT_RND 3423,360,0)
(OPT_RND 3423,360,0)
(OPT_RND 3423,360,0)
(OPT_RND 3423,360,0)
(OPT_RND 3423,360,0)
(OPT_RND 3423,360,0)
(OPT_RND 3423,360,0)
(OPT_RND 3423,360,0)
(OPTIMIZER_RND_RUNTIME 138.100229025)
(SAT 410,1,57,(inf,98),46.1968989372),
(OPT1 3541,410,1)
(OPT1 3541,410,1)
(OPT1 3541,368,1)
(OPT1 3541,361,1)
(OPT1 3537,361,0)
(OPT1 3537,361,0)
(OPT1 3537,361,0)
(OPT1 3533,361,0)
(OPT1 3533,359,0)
(OPT1 3533,359,0)
(OPT1 3533,359,0)
(OPT1 3533,359,0)
(OPT1 3533,359,0)
(OPT1 3533,359,0)
(OPT1 3533,359,0)
(OPT1 3533,359,0)
(OPT1 3533,359,0)
(OPT1 3533,359,0)
(OPTIMIZER_1_RUNTIME 88.6147270203)
(OPT2 3541,410,1)
(OPT2 3537,410,0)
(OPT2 3537,410,0)
(OPT2 3533,410,0)
(OPT2 3533,368,0)
(OPT2 3533,361,0)
(OPT2 3533,361,0)
(OPT2 3533,361,0)
(OPT2 3533,361,0)
(OPT2 3533,361,0)
(OPT2 3533,359,0)
(OPT2 3533,359,0)
(OPT2 3533,359,0)
(OPT2 3533,359,0)
(OPT2 3533,359,0)
(OPT2 3533,359,0)
(OPT2 3533,359,0)
(OPT2 3533,359,0)
(OPTIMIZER_2_RUNTIME 89.9327809811)
(OPT_RND 3537,410,0)
(OPT_RND 3537,410,0)
(OPT_RND 3537,410,0)
(OPT_RND 3533,372,0)
(OPT_RND 3533,372,0)
(OPT_RND 3533,372,0)
(OPT_RND 3533,372,0)
(OPT_RND 3533,372,0)
(OPT_RND 3533,372,0)
(OPT_RND 3533,358,0)
(OPT_RND 3533,358,0)
(OPT_RND 3533,358,0)
(OPT_RND 3533,358,0)
(OPT_RND 3533,358,0)
(OPT_RND 3533,358,0)
(OPT_RND 3533,358,0)
(OPT_RND 3533,358,0)
(OPT_RND 3533,358,0)
(OPTIMIZER_RND_RUNTIME 84.9217910767)
(OPT_RND 3541,410,1)
(OPT_RND 3541,372,1)
(OPT_RND 3537,372,0)
(OPT_RND 3537,372,0)
(OPT_RND 3533,372,0)
(OPT_RND 3533,372,0)
(OPT_RND 3533,372,0)
(OPT_RND 3533,372,0)
(OPT_RND 3533,372,0)
(OPT_RND 3533,372,0)
(OPT_RND 3533,372,0)
(OPT_RND 3533,372,0)
(OPTIMIZER_RND_RUNTIME 49.9783258438)
(OPT_RND 3541,410,1)
(OPT_RND 3541,410,1)
(OPT_RND 3541,410,1)
(OPT_RND 3541,372,1)
(OPT_RND 3541,359,1)
(OPT_RND 3541,359,1)
(OPT_RND 3541,359,1)
(OPT_RND 3541,358,1)
(OPT_RND 3541,358,1)
(OPT_RND 3541,358,1)
(OPT_RND 3541,358,1)
(OPT_RND 3541,358,1)
(OPT_RND 3537,358,0)
(OPT_RND 3537,358,0)
(OPT_RND 3537,358,0)
(OPT_RND 3537,358,0)
(OPT_RND 3533,358,0)
(OPT_RND 3533,358,0)
(OPT_RND 3533,358,0)
(OPT_RND 3533,358,0)
(OPT_RND 3533,358,0)
(OPT_RND 3533,358,0)
(OPT_RND 3533,358,0)
(OPT_RND 3533,358,0)
(OPTIMIZER_RND_RUNTIME 114.994773149)
(SAT 425,8,57,(inf,98),42.2691018581),
(OPT1 3607,425,8)
(OPT1 3603,425,8)
(OPT1 3603,374,8)
(OPT1 3595,357,8)
(OPT1 3565,359,0)
(OPT1 3565,359,0)
(OPT1 3565,359,0)
(OPT1 3553,359,0)
(OPT1 3553,358,0)
(OPT1 3553,357,0)
(OPT1 3553,357,0)
(OPT1 3553,357,0)
(OPT1 3553,357,0)
(OPT1 3553,357,0)
(OPT1 3553,357,0)
(OPT1 3553,357,0)
(OPT1 3553,357,0)
(OPT1 3553,357,0)
(OPTIMIZER_1_RUNTIME 90.4556479454)
(OPT2 3607,425,8)
(OPT2 3577,430,0)
(OPT2 3577,430,0)
(OPT2 3561,428,0)
(OPT2 3561,374,0)
(OPT2 3553,357,0)
(OPT2 3553,357,0)
(OPT2 3553,357,0)
(OPT2 3553,357,0)
(OPT2 3553,357,0)
(OPT2 3553,357,0)
(OPT2 3553,357,0)
(OPTIMIZER_2_RUNTIME 64.4742159843)
(OPT_RND 3577,430,0)
(OPT_RND 3577,430,0)
(OPT_RND 3577,430,0)
(OPT_RND 3561,376,0)
(OPT_RND 3561,376,0)
(OPT_RND 3561,376,0)
(OPT_RND 3561,376,0)
(OPT_RND 3561,376,0)
(OPT_RND 3561,376,0)
(OPT_RND 3561,355,0)
(OPT_RND 3561,355,0)
(OPT_RND 3561,355,0)
(OPT_RND 3561,355,0)
(OPT_RND 3561,355,0)
(OPT_RND 3561,355,0)
(OPT_RND 3555,355,0)
(OPT_RND 3555,355,0)
(OPT_RND 3555,355,0)
(OPT_RND 3555,355,0)
(OPT_RND 3555,355,0)
(OPT_RND 3555,355,0)
(OPT_RND 3555,355,0)
(OPT_RND 3555,355,0)
(OPT_RND 3555,355,0)
(OPTIMIZER_RND_RUNTIME 113.738559008)
(OPT_RND 3607,428,8)
(OPT_RND 3603,375,8)
(OPT_RND 3573,376,0)
(OPT_RND 3573,376,0)
(OPT_RND 3561,376,0)
(OPT_RND 3561,376,0)
(OPT_RND 3561,376,0)
(OPT_RND 3561,376,0)
(OPT_RND 3561,376,0)
(OPT_RND 3561,376,0)
(OPT_RND 3561,376,0)
(OPT_RND 3561,376,0)
(OPTIMIZER_RND_RUNTIME 53.0638041496)
(OPT_RND 3607,425,8)
(OPT_RND 3607,428,8)
(OPT_RND 3607,428,8)
(OPT_RND 3603,375,8)
(OPT_RND 3603,357,8)
(OPT_RND 3599,357,8)
(OPT_RND 3599,357,8)
(OPT_RND 3599,356,8)
(OPT_RND 3597,356,8)
(OPT_RND 3597,355,8)
(OPT_RND 3597,355,8)
(OPT_RND 3597,354,8)
(OPT_RND 3567,355,0)
(OPT_RND 3567,355,0)
(OPT_RND 3567,355,0)
(OPT_RND 3567,355,0)
(OPT_RND 3555,355,0)
(OPT_RND 3555,355,0)
(OPT_RND 3555,354,0)
(OPT_RND 3555,354,0)
(OPT_RND 3555,354,0)
(OPT_RND 3555,354,0)
(OPT_RND 3555,354,0)
(OPT_RND 3555,354,0)
(OPT_RND 3555,354,0)
(OPT_RND 3555,354,0)
(OPT_RND 3555,354,0)
(OPT_RND 3555,354,0)
(OPT_RND 3555,354,0)
(OPT_RND 3555,354,0)
(OPTIMIZER_RND_RUNTIME 140.379025936)
(SAT 421,2,57,(inf,49),43.7577030659),
(OPT1 3439,421,2)
(OPT1 3439,421,2)
(OPT1 3439,375,2)
(OPT1 3437,361,2)
(OPT1 3431,361,0)
(OPT1 3431,361,0)
(OPT1 3431,361,0)
(OPT1 3427,361,0)
(OPT1 3427,358,0)
(OPT1 3423,358,0)
(OPT1 3423,358,0)
(OPT1 3423,358,0)
(OPT1 3423,358,0)
(OPT1 3423,358,0)
(OPT1 3423,358,0)
(OPT1 3423,358,0)
(OPT1 3423,358,0)
(OPT1 3423,358,0)
(OPTIMIZER_1_RUNTIME 86.8100481033)
(OPT2 3439,421,2)
(OPT2 3433,421,0)
(OPT2 3433,421,0)
(OPT2 3429,419,0)
(OPT2 3429,373,0)
(OPT2 3427,361,0)
(OPT2 3427,361,0)
(OPT2 3427,361,0)
(OPT2 3427,361,0)
(OPT2 3427,361,0)
(OPT2 3427,358,0)
(OPT2 3423,358,0)
(OPT2 3423,358,0)
(OPT2 3423,358,0)
(OPT2 3423,358,0)
(OPT2 3423,358,0)
(OPT2 3423,358,0)
(OPT2 3423,358,0)
(OPTIMIZER_2_RUNTIME 87.3217020035)
(OPT_RND 3433,421,0)
(OPT_RND 3433,421,0)
(OPT_RND 3433,421,0)
(OPT_RND 3429,375,0)
(OPT_RND 3429,375,0)
(OPT_RND 3429,375,0)
(OPT_RND 3429,375,0)
(OPT_RND 3429,375,0)
(OPT_RND 3429,375,0)
(OPT_RND 3429,360,0)
(OPT_RND 3429,360,0)
(OPT_RND 3429,360,0)
(OPT_RND 3429,360,0)
(OPT_RND 3429,360,0)
(OPT_RND 3429,360,0)
(OPT_RND 3427,360,0)
(OPT_RND 3427,360,0)
(OPT_RND 3427,360,0)
(OPT_RND 3427,360,0)
(OPT_RND 3427,360,0)
(OPT_RND 3427,360,0)
(OPT_RND 3427,360,0)
(OPT_RND 3427,360,0)
(OPT_RND 3427,360,0)
(OPTIMIZER_RND_RUNTIME 108.954488039)
(OPT_RND 3439,421,2)
(OPT_RND 3439,375,2)
(OPT_RND 3433,375,0)
(OPT_RND 3433,375,0)
(OPT_RND 3429,375,0)
(OPT_RND 3429,375,0)
(OPT_RND 3429,375,0)
(OPT_RND 3429,375,0)
(OPT_RND 3429,375,0)
(OPT_RND 3429,375,0)
(OPT_RND 3429,375,0)
(OPT_RND 3429,375,0)
(OPTIMIZER_RND_RUNTIME 49.8584899902)
(OPT_RND 3439,421,2)
(OPT_RND 3439,421,2)
(OPT_RND 3439,421,2)
(OPT_RND 3439,375,2)
(OPT_RND 3439,361,2)
(OPT_RND 3439,361,2)
(OPT_RND 3439,361,2)
(OPT_RND 3439,361,2)
(OPT_RND 3437,361,2)
(OPT_RND 3437,361,2)
(OPT_RND 3437,361,2)
(OPT_RND 3437,361,2)
(OPT_RND 3431,361,0)
(OPT_RND 3431,361,0)
(OPT_RND 3431,361,0)
(OPT_RND 3431,361,0)
(OPT_RND 3427,361,0)
(OPT_RND 3427,361,0)
(OPT_RND 3427,360,0)
(OPT_RND 3423,360,0)
(OPT_RND 3423,360,0)
(OPT_RND 3423,360,0)
(OPT_RND 3423,360,0)
(OPT_RND 3423,360,0)
(OPT_RND 3423,360,0)
(OPT_RND 3423,360,0)
(OPT_RND 3423,360,0)
(OPT_RND 3423,360,0)
(OPT_RND 3423,360,0)
(OPT_RND 3423,360,0)
(OPTIMIZER_RND_RUNTIME 134.749369144)
(SAT 410,1,57,(inf,49),42.712939024),
(OPT1 3541,410,1)
(OPT1 3541,410,1)
(OPT1 3541,368,1)
(OPT1 3541,361,1)
(OPT1 3537,361,0)
(OPT1 3537,361,0)
(OPT1 3537,361,0)
(OPT1 3533,361,0)
(OPT1 3533,359,0)
(OPT1 3533,359,0)
(OPT1 3533,359,0)
(OPT1 3533,359,0)
(OPT1 3533,359,0)
(OPT1 3533,359,0)
(OPT1 3533,359,0)
(OPT1 3533,359,0)
(OPT1 3533,359,0)
(OPT1 3533,359,0)
(OPTIMIZER_1_RUNTIME 88.6912198067)
(OPT2 3541,410,1)
(OPT2 3537,410,0)
(OPT2 3537,410,0)
(OPT2 3533,410,0)
(OPT2 3533,368,0)
(OPT2 3533,361,0)
(OPT2 3533,361,0)
(OPT2 3533,361,0)
(OPT2 3533,361,0)
(OPT2 3533,361,0)
(OPT2 3533,359,0)
(OPT2 3533,359,0)
(OPT2 3533,359,0)
(OPT2 3533,359,0)
(OPT2 3533,359,0)
(OPT2 3533,359,0)
(OPT2 3533,359,0)
(OPT2 3533,359,0)
(OPTIMIZER_2_RUNTIME 88.9057109356)
(OPT_RND 3537,410,0)
(OPT_RND 3537,410,0)
(OPT_RND 3537,410,0)
(OPT_RND 3533,372,0)
(OPT_RND 3533,372,0)
(OPT_RND 3533,372,0)
(OPT_RND 3533,372,0)
(OPT_RND 3533,372,0)
(OPT_RND 3533,372,0)
(OPT_RND 3533,358,0)
(OPT_RND 3533,358,0)
(OPT_RND 3533,358,0)
(OPT_RND 3533,358,0)
(OPT_RND 3533,358,0)
(OPT_RND 3533,358,0)
(OPT_RND 3533,358,0)
(OPT_RND 3533,358,0)
(OPT_RND 3533,358,0)
(OPTIMIZER_RND_RUNTIME 84.2998621464)
(OPT_RND 3541,410,1)
(OPT_RND 3541,372,1)
(OPT_RND 3537,372,0)
(OPT_RND 3537,372,0)
(OPT_RND 3533,372,0)
(OPT_RND 3533,372,0)
(OPT_RND 3533,372,0)
(OPT_RND 3533,372,0)
(OPT_RND 3533,372,0)
(OPT_RND 3533,372,0)
(OPT_RND 3533,372,0)
(OPT_RND 3533,372,0)
(OPTIMIZER_RND_RUNTIME 50.3080558777)
(OPT_RND 3541,410,1)
(OPT_RND 3541,410,1)
(OPT_RND 3541,410,1)
(OPT_RND 3541,372,1)
(OPT_RND 3541,359,1)
(OPT_RND 3541,359,1)
(OPT_RND 3541,359,1)
(OPT_RND 3541,358,1)
(OPT_RND 3541,358,1)
(OPT_RND 3541,358,1)
(OPT_RND 3541,358,1)
(OPT_RND 3541,358,1)
(OPT_RND 3537,358,0)
(OPT_RND 3537,358,0)
(OPT_RND 3537,358,0)
(OPT_RND 3537,358,0)
(OPT_RND 3533,358,0)
(OPT_RND 3533,358,0)
(OPT_RND 3533,358,0)
(OPT_RND 3533,358,0)
(OPT_RND 3533,358,0)
(OPT_RND 3533,358,0)
(OPT_RND 3533,358,0)
(OPT_RND 3533,358,0)
(OPTIMIZER_RND_RUNTIME 113.753198147)
(SAT 425,8,57,(inf,49),43.8434939384),
(OPT1 3607,425,8)
(OPT1 3603,425,8)
(OPT1 3603,374,8)
(OPT1 3595,357,8)
(OPT1 3565,359,0)
(OPT1 3565,359,0)
(OPT1 3565,359,0)
(OPT1 3553,359,0)
(OPT1 3553,358,0)
(OPT1 3553,357,0)
(OPT1 3553,357,0)
(OPT1 3553,357,0)
(OPT1 3553,357,0)
(OPT1 3553,357,0)
(OPT1 3553,357,0)
(OPT1 3553,357,0)
(OPT1 3553,357,0)
(OPT1 3553,357,0)
(OPTIMIZER_1_RUNTIME 91.0578069687)
(OPT2 3607,425,8)
(OPT2 3577,430,0)
(OPT2 3577,430,0)
(OPT2 3561,428,0)
(OPT2 3561,374,0)
(OPT2 3553,357,0)
(OPT2 3553,357,0)
(OPT2 3553,357,0)
(OPT2 3553,357,0)
(OPT2 3553,357,0)
(OPT2 3553,357,0)
(OPT2 3553,357,0)
(OPTIMIZER_2_RUNTIME 65.2265889645)
(OPT_RND 3577,430,0)
(OPT_RND 3577,430,0)
(OPT_RND 3577,430,0)
(OPT_RND 3561,376,0)
(OPT_RND 3561,376,0)
(OPT_RND 3561,376,0)
(OPT_RND 3561,376,0)
(OPT_RND 3561,376,0)
(OPT_RND 3561,376,0)
(OPT_RND 3561,355,0)
(OPT_RND 3561,355,0)
(OPT_RND 3561,355,0)
(OPT_RND 3561,355,0)
(OPT_RND 3561,355,0)
(OPT_RND 3561,355,0)
(OPT_RND 3555,355,0)
(OPT_RND 3555,355,0)
(OPT_RND 3555,355,0)
(OPT_RND 3555,355,0)
(OPT_RND 3555,355,0)
(OPT_RND 3555,355,0)
(OPT_RND 3555,355,0)
(OPT_RND 3555,355,0)
(OPT_RND 3555,355,0)
(OPTIMIZER_RND_RUNTIME 113.539569139)
(OPT_RND 3607,428,8)
(OPT_RND 3603,375,8)
(OPT_RND 3573,376,0)
(OPT_RND 3573,376,0)
(OPT_RND 3561,376,0)
(OPT_RND 3561,376,0)
(OPT_RND 3561,376,0)
(OPT_RND 3561,376,0)
(OPT_RND 3561,376,0)
(OPT_RND 3561,376,0)
(OPT_RND 3561,376,0)
(OPT_RND 3561,376,0)
(OPTIMIZER_RND_RUNTIME 52.6912090778)
(OPT_RND 3607,425,8)
(OPT_RND 3607,428,8)
(OPT_RND 3607,428,8)
(OPT_RND 3603,375,8)
(OPT_RND 3603,357,8)
(OPT_RND 3599,357,8)
(OPT_RND 3599,357,8)
(OPT_RND 3599,356,8)
(OPT_RND 3597,356,8)
(OPT_RND 3597,355,8)
(OPT_RND 3597,355,8)
(OPT_RND 3597,354,8)
(OPT_RND 3567,355,0)
(OPT_RND 3567,355,0)
(OPT_RND 3567,355,0)
(OPT_RND 3567,355,0)
(OPT_RND 3555,355,0)
(OPT_RND 3555,355,0)
(OPT_RND 3555,354,0)
(OPT_RND 3555,354,0)
(OPT_RND 3555,354,0)
(OPT_RND 3555,354,0)
(OPT_RND 3555,354,0)
(OPT_RND 3555,354,0)
(OPT_RND 3555,354,0)
(OPT_RND 3555,354,0)
(OPT_RND 3555,354,0)
(OPT_RND 3555,354,0)
(OPT_RND 3555,354,0)
(OPT_RND 3555,354,0)
(OPTIMIZER_RND_RUNTIME 146.102674961)
(SAT 420,0,57,(inf,0),42.2550148964),
(OPT1 3483,420,0)
(OPT1 3483,420,0)
(OPT1 3483,376,0)
(OPT1 3477,365,0)
(OPT1 3477,365,0)
(OPT1 3477,365,0)
(OPT1 3477,365,0)
(OPT1 3477,365,0)
(OPT1 3477,365,0)
(OPT1 3475,365,0)
(OPT1 3475,365,0)
(OPT1 3475,365,0)
(OPT1 3475,365,0)
(OPT1 3475,365,0)
(OPT1 3475,365,0)
(OPT1 3475,365,0)
(OPT1 3475,365,0)
(OPT1 3475,365,0)
(OPTIMIZER_1_RUNTIME 88.2378430367)
(OPT2 3483,420,0)
(OPT2 3483,420,0)
(OPT2 3483,420,0)
(OPT2 3483,420,0)
(OPT2 3483,376,0)
(OPT2 3477,365,0)
(OPT2 3477,365,0)
(OPT2 3477,365,0)
(OPT2 3477,365,0)
(OPT2 3477,365,0)
(OPT2 3477,365,0)
(OPT2 3475,365,0)
(OPT2 3475,365,0)
(OPT2 3475,365,0)
(OPT2 3475,365,0)
(OPT2 3475,365,0)
(OPT2 3475,365,0)
(OPT2 3475,365,0)
(OPTIMIZER_2_RUNTIME 88.8362090588)
(OPT_RND 3483,420,0)
(OPT_RND 3483,420,0)
(OPT_RND 3483,420,0)
(OPT_RND 3483,376,0)
(OPT_RND 3483,376,0)
(OPT_RND 3483,376,0)
(OPT_RND 3483,376,0)
(OPT_RND 3483,376,0)
(OPT_RND 3483,376,0)
(OPT_RND 3483,362,0)
(OPT_RND 3483,362,0)
(OPT_RND 3483,362,0)
(OPT_RND 3483,362,0)
(OPT_RND 3483,362,0)
(OPT_RND 3483,362,0)
(OPT_RND 3475,362,0)
(OPT_RND 3475,362,0)
(OPT_RND 3475,362,0)
(OPT_RND 3475,362,0)
(OPT_RND 3475,362,0)
(OPT_RND 3475,362,0)
(OPT_RND 3475,362,0)
(OPT_RND 3475,362,0)
(OPT_RND 3475,362,0)
(OPTIMIZER_RND_RUNTIME 110.795370102)
(OPT_RND 3483,420,0)
(OPT_RND 3483,376,0)
(OPT_RND 3483,376,0)
(OPT_RND 3483,376,0)
(OPT_RND 3483,376,0)
(OPT_RND 3483,376,0)
(OPT_RND 3483,376,0)
(OPT_RND 3483,376,0)
(OPT_RND 3483,376,0)
(OPT_RND 3483,376,0)
(OPT_RND 3483,376,0)
(OPT_RND 3483,376,0)
(OPTIMIZER_RND_RUNTIME 50.7823870182)
(OPT_RND 3483,420,0)
(OPT_RND 3483,420,0)
(OPT_RND 3483,420,0)
(OPT_RND 3483,376,0)
(OPT_RND 3483,363,0)
(OPT_RND 3481,363,0)
(OPT_RND 3481,363,0)
(OPT_RND 3481,362,0)
(OPT_RND 3475,362,0)
(OPT_RND 3475,362,0)
(OPT_RND 3475,362,0)
(OPT_RND 3475,362,0)
(OPT_RND 3475,362,0)
(OPT_RND 3475,362,0)
(OPT_RND 3475,362,0)
(OPT_RND 3475,362,0)
(OPT_RND 3475,362,0)
(OPT_RND 3475,362,0)
(OPTIMIZER_RND_RUNTIME 82.2102789879)
(SAT 411,0,57,(inf,0),42.0098178387),
(OPT1 3485,411,0)
(OPT1 3485,411,0)
(OPT1 3485,364,0)
(OPT1 3481,355,0)
(OPT1 3481,355,0)
(OPT1 3481,355,0)
(OPT1 3481,355,0)
(OPT1 3481,355,0)
(OPT1 3481,354,0)
(OPT1 3481,354,0)
(OPT1 3481,354,0)
(OPT1 3481,354,0)
(OPT1 3481,354,0)
(OPT1 3481,354,0)
(OPT1 3481,354,0)
(OPT1 3481,354,0)
(OPT1 3481,354,0)
(OPT1 3481,354,0)
(OPTIMIZER_1_RUNTIME 87.8188240528)
(OPT2 3485,411,0)
(OPT2 3485,411,0)
(OPT2 3485,411,0)
(OPT2 3485,411,0)
(OPT2 3485,364,0)
(OPT2 3481,355,0)
(OPT2 3481,355,0)
(OPT2 3481,355,0)
(OPT2 3481,355,0)
(OPT2 3481,355,0)
(OPT2 3481,354,0)
(OPT2 3481,354,0)
(OPT2 3481,354,0)
(OPT2 3481,354,0)
(OPT2 3481,354,0)
(OPT2 3481,354,0)
(OPT2 3481,354,0)
(OPT2 3481,354,0)
(OPTIMIZER_2_RUNTIME 87.6272380352)
(OPT_RND 3485,411,0)
(OPT_RND 3485,411,0)
(OPT_RND 3485,411,0)
(OPT_RND 3485,370,0)
(OPT_RND 3485,370,0)
(OPT_RND 3485,370,0)
(OPT_RND 3485,370,0)
(OPT_RND 3485,370,0)
(OPT_RND 3485,370,0)
(OPT_RND 3485,352,0)
(OPT_RND 3485,352,0)
(OPT_RND 3485,352,0)
(OPT_RND 3485,352,0)
(OPT_RND 3485,352,0)
(OPT_RND 3485,352,0)
(OPT_RND 3481,352,0)
(OPT_RND 3481,352,0)
(OPT_RND 3481,352,0)
(OPT_RND 3481,352,0)
(OPT_RND 3481,352,0)
(OPT_RND 3481,352,0)
(OPT_RND 3481,352,0)
(OPT_RND 3481,352,0)
(OPT_RND 3481,352,0)
(OPTIMIZER_RND_RUNTIME 107.254401922)
(OPT_RND 3485,411,0)
(OPT_RND 3485,370,0)
(OPT_RND 3485,370,0)
(OPT_RND 3485,370,0)
(OPT_RND 3485,370,0)
(OPT_RND 3485,370,0)
(OPT_RND 3485,370,0)
(OPT_RND 3485,370,0)
(OPT_RND 3485,370,0)
(OPT_RND 3485,370,0)
(OPT_RND 3485,370,0)
(OPT_RND 3485,370,0)
(OPTIMIZER_RND_RUNTIME 49.5612568855)
(OPT_RND 3485,411,0)
(OPT_RND 3485,411,0)
(OPT_RND 3485,411,0)
(OPT_RND 3485,370,0)
(OPT_RND 3485,352,0)
(OPT_RND 3481,352,0)
(OPT_RND 3481,352,0)
(OPT_RND 3481,352,0)
(OPT_RND 3481,352,0)
(OPT_RND 3481,352,0)
(OPT_RND 3481,352,0)
(OPT_RND 3481,352,0)
(OPTIMIZER_RND_RUNTIME 58.9343130589)
(SAT 424,0,57,(inf,0),41.6816151142),
(OPT1 3475,424,0)
(OPT1 3471,424,0)
(OPT1 3471,384,0)
(OPT1 3461,372,0)
(OPT1 3461,372,0)
(OPT1 3461,372,0)
(OPT1 3461,372,0)
(OPT1 3461,372,0)
(OPT1 3461,372,0)
(OPT1 3455,372,0)
(OPT1 3455,372,0)
(OPT1 3455,372,0)
(OPT1 3455,372,0)
(OPT1 3455,372,0)
(OPT1 3455,372,0)
(OPT1 3455,372,0)
(OPT1 3455,372,0)
(OPT1 3455,372,0)
(OPTIMIZER_1_RUNTIME 85.5548150539)
(OPT2 3475,424,0)
(OPT2 3475,424,0)
(OPT2 3475,424,0)
(OPT2 3471,424,0)
(OPT2 3471,384,0)
(OPT2 3461,372,0)
(OPT2 3461,372,0)
(OPT2 3461,372,0)
(OPT2 3461,372,0)
(OPT2 3461,372,0)
(OPT2 3461,372,0)
(OPT2 3455,372,0)
(OPT2 3455,372,0)
(OPT2 3455,372,0)
(OPT2 3455,372,0)
(OPT2 3455,372,0)
(OPT2 3455,372,0)
(OPT2 3455,372,0)
(OPTIMIZER_2_RUNTIME 85.4802348614)
(OPT_RND 3475,424,0)
(OPT_RND 3475,424,0)
(OPT_RND 3475,424,0)
(OPT_RND 3471,383,0)
(OPT_RND 3471,383,0)
(OPT_RND 3471,383,0)
(OPT_RND 3471,383,0)
(OPT_RND 3471,383,0)
(OPT_RND 3471,383,0)
(OPT_RND 3471,370,0)
(OPT_RND 3471,370,0)
(OPT_RND 3471,370,0)
(OPT_RND 3471,370,0)
(OPT_RND 3471,370,0)
(OPT_RND 3471,369,0)
(OPT_RND 3467,369,0)
(OPT_RND 3467,369,0)
(OPT_RND 3463,369,0)
(OPT_RND 3463,369,0)
(OPT_RND 3463,369,0)
(OPT_RND 3463,369,0)
(OPT_RND 3463,369,0)
(OPT_RND 3463,369,0)
(OPT_RND 3463,369,0)
(OPTIMIZER_RND_RUNTIME 107.052673817)
(OPT_RND 3475,424,0)
(OPT_RND 3471,383,0)
(OPT_RND 3471,383,0)
(OPT_RND 3471,383,0)
(OPT_RND 3471,383,0)
(OPT_RND 3471,383,0)
(OPT_RND 3471,383,0)
(OPT_RND 3471,383,0)
(OPT_RND 3471,383,0)
(OPT_RND 3471,383,0)
(OPT_RND 3471,383,0)
(OPT_RND 3471,383,0)
(OPTIMIZER_RND_RUNTIME 49.0930650234)
(OPT_RND 3475,424,0)
(OPT_RND 3475,424,0)
(OPT_RND 3475,424,0)
(OPT_RND 3471,383,0)
(OPT_RND 3471,370,0)
(OPT_RND 3463,370,0)
(OPT_RND 3463,370,0)
(OPT_RND 3463,369,0)
(OPT_RND 3463,369,0)
(OPT_RND 3463,369,0)
(OPT_RND 3463,369,0)
(OPT_RND 3463,369,0)
(OPT_RND 3463,369,0)
(OPT_RND 3463,369,0)
(OPT_RND 3463,369,0)
(OPT_RND 3463,369,0)
(OPT_RND 3463,369,0)
(OPT_RND 3463,369,0)
(OPTIMIZER_RND_RUNTIME 80.4868810177)
