((276,inf),(118,0,43,802),(118,0,43,802),8.88320398331),
((276,inf),(117,0,43,830),(117,0,43,830),8.03429508209),
((276,inf),(119,0,43,812),(119,0,43,812),7.98284506798),
((276,inf),(119,0,43,802),(119,0,43,802),8.66882395744),
((276,inf),(119,0,43,808),(119,0,43,808),8.06997394562),
((117,inf),(117,30,43,1136),(116,30,43,1088),7.39649415016),
((117,inf),(117,9,43,942),(117,9,43,934),9.25184679031),
((117,inf),(117,4,43,872),(117,4,43,872),8.53634500504),
((117,inf),(117,4,43,882),(117,4,43,882),9.03724384308),
((117,inf),(117,14,43,1102),(116,14,43,1074),9.45124316216),
((112,inf),(112,32,43,1138),(112,32,43,1106),9.44447112083),
((112,inf),(112,14,43,998),(112,14,43,974),9.25871801376),
((112,inf),(112,8,43,944),(112,8,43,940),9.07978391647),
((112,inf),(112,16,43,1012),(112,16,43,984),9.03534388542),
((112,inf),(112,59,43,1446),(112,59,43,1390),7.72727298737),
((107,inf),(107,72,43,1510),(107,72,43,1458),8.8255879879),
((107,inf),(107,17,43,940),(106,17,43,912),8.47467803955),
((107,inf),(107,48,43,1324),(107,48,43,1290),8.56414103508),
((107,inf),(107,59,43,1434),(107,59,43,1388),8.63993906975),
((107,inf),(107,50,43,1584),(107,50,43,1498),9.65915393829),
((102,inf),(102,65,43,1374),(102,65,43,1298),9.75021791458),
((102,inf),(102,80,43,1582),(102,80,43,1520),9.69172477722),
((102,inf),(102,70,43,1370),(102,70,43,1332),8.91311597824),
((102,inf),(102,59,43,1570),(102,59,43,1490),9.25570297241),
((102,inf),(102,59,43,1528),(102,59,43,1424),9.77258586884),
((97,inf),(97,45,43,1264),(97,45,43,1216),8.58856391907),
((97,inf),(97,46,43,1308),(97,46,43,1246),8.8077750206),
((97,inf),(97,49,43,1360),(97,49,43,1316),8.93543195724),
((97,inf),(97,67,43,1350),(97,67,43,1300),9.2342581749),
((97,inf),(97,68,43,1436),(97,68,43,1372),9.22527003288),
((92,inf),(92,52,43,1374),(92,52,43,1332),8.65022397041),
((92,inf),(92,88,43,1504),(92,88,43,1428),10.3386290073),
((92,inf),(92,78,43,1428),(92,78,43,1380),10.029984951),
((92,inf),(92,66,43,1474),(92,66,43,1436),8.91856002808),
((92,inf),(92,92,43,1596),(92,92,43,1524),9.59002304077),
((87,inf),(87,47,43,1296),(87,47,43,1256),9.40420389175),
((87,inf),(87,62,43,1398),(87,62,43,1360),9.13791799545),
((87,inf),(87,50,43,1276),(87,50,43,1238),9.43455910683),
((87,inf),(87,51,43,1202),(87,51,43,1174),9.01725387573),
((87,inf),(87,69,43,1446),(87,69,43,1390),9.35919713974),
((82,inf),(82,72,43,1308),(82,72,43,1272),9.81921696663),
((82,inf),(82,75,43,1338),(82,75,43,1298),9.46876811981),
((82,inf),(82,49,43,1252),(82,49,43,1218),8.86148715019),
((82,inf),(82,57,43,1274),(82,57,43,1236),9.39370584488),
((82,inf),(82,59,43,1314),(82,59,43,1274),8.76837992668),
((77,inf),(77,80,48,1358),(77,80,48,1292),29.0646729469),
((77,inf),(77,63,43,1268),(77,63,43,1228),14.8950009346),
((77,inf),(77,56,43,1166),(77,56,43,1140),14.1686141491),
((77,inf),(77,45,43,1226),(77,45,43,1194),9.72235202789),
((77,inf),(77,56,43,1256),(77,56,43,1226),12.6553711891),
((72,inf),(72,74,48,1448),(72,74,48,1392),29.1707282066),
((72,inf),(72,72,48,1370),(72,72,48,1314),38.9916989803),
((72,inf),(72,73,48,1476),(72,73,48,1422),27.030315876),
((72,inf),(72,77,53,1546),(72,77,53,1494),42.3995518684),
((72,inf),(72,56,43,1244),(72,56,43,1210),11.1049411297),
((67,inf),(67,76,58,1550),(67,76,58,1476),69.3124010563),
((67,inf),(67,73,68,1728),(67,73,68,1620),91.3533070087),
((67,inf),(67,74,58,1510),(67,74,58,1454),59.7277081013),
((67,inf),(67,71,58,1570),(67,71,58,1528),60.849339962),
((67,inf),(67,62,53,1388),(67,62,53,1344),43.4094820023),
((62,inf),(62,73,68,1806),(62,73,68,1716),101.577224016),
((62,inf),(62,70,73,1696),(62,70,73,1600),104.913991928),
((62,inf),(62,54,68,1654),(62,54,68,1562),98.5791170597),
((276,55),(120,0,43,802),(120,0,43,802),8.79851603508),
((276,55),(119,0,43,820),(119,0,43,820),8.99554491043),
((276,55),(123,0,43,802),(123,0,43,802),9.05562591553),
((276,55),(119,0,43,802),(119,0,43,802),9.0438990593),
((276,55),(117,0,43,824),(117,0,43,824),8.27702212334),
((117,55),(117,0,43,814),(117,0,43,814),8.37845206261),
((117,55),(117,12,43,886),(117,12,43,878),8.87424015999),
((117,55),(117,2,43,850),(117,2,43,846),9.303399086),
((117,55),(117,5,43,876),(117,5,43,876),9.32884788513),
((117,55),(117,52,43,1522),(117,52,43,1376),10.5385649204),
((112,55),(112,22,43,950),(112,22,43,940),9.38634586334),
((112,55),(112,13,43,1000),(112,13,43,984),9.44661307335),
((112,55),(112,3,43,894),(112,3,43,890),9.37661409378),
((112,55),(112,9,43,892),(112,9,43,888),9.27297592163),
((112,55),(112,11,43,936),(112,11,43,926),9.28251194954),
((107,55),(107,23,43,1000),(107,23,43,976),9.50162506104),
((107,55),(107,55,43,1600),(107,55,43,1494),10.0908961296),
((107,55),(107,29,43,996),(107,29,43,982),9.41406798363),
((107,55),(107,26,43,1092),(107,26,43,1062),9.49622917175),
((107,55),(107,48,43,1698),(107,48,43,1566),10.1085920334),
((102,55),(102,33,43,1040),(101,33,43,1012),9.45178294182),
((102,55),(102,55,43,1464),(102,55,43,1390),9.83236312866),
((102,55),(102,55,43,1530),(102,55,43,1458),9.95481610298),
((102,55),(102,55,43,1436),(102,55,43,1364),9.7667620182),
((102,55),(102,48,43,1332),(102,48,43,1306),9.64592909813),
((97,55),(97,51,43,1508),(97,51,43,1456),9.82403993607),
((97,55),(97,54,43,1466),(97,54,43,1368),10.0427119732),
((97,55),(97,48,43,1330),(97,48,43,1302),9.66373205185),
((97,55),(97,55,43,1480),(97,55,43,1400),9.95640492439),
((97,55),(97,55,43,1420),(97,55,43,1358),9.69567012787),
((92,55),(92,55,43,1502),(92,55,43,1370),10.3054389954),
((92,55),(92,53,43,1400),(92,53,43,1350),9.50884008408),
((92,55),(92,55,43,1364),(92,55,43,1310),9.12334609032),
((92,55),(92,55,43,1342),(92,55,43,1284),9.84769582748),
((92,55),(92,46,43,1220),(92,46,43,1164),9.81736493111),
((87,55),(87,52,43,1354),(87,52,43,1312),9.78000307083),
((87,55),(87,55,43,1314),(87,55,43,1268),9.69260001183),
((87,55),(87,51,43,1280),(87,51,43,1236),9.64156603813),
((87,55),(87,55,43,1458),(87,55,43,1408),9.92985510826),
((87,55),(87,48,43,1414),(87,48,43,1378),9.81841301918),
((82,55),(82,55,43,1282),(82,55,43,1242),10.4031050205),
((82,55),(82,55,43,1176),(82,55,43,1146),10.5052421093),
((82,55),(82,54,43,1296),(82,54,43,1262),9.80174207687),
((82,55),(82,55,43,1256),(82,55,43,1236),8.78072690964),
((82,55),(82,55,43,1350),(82,55,43,1290),10.7436311245),
((77,55),(77,52,43,1188),(77,52,43,1156),18.5505340099),
((77,55),(77,55,48,1478),(77,55,48,1404),28.6710400581),
((77,55),(77,43,43,1204),(77,43,43,1154),12.9928619862),
((77,55),(77,40,43,1224),(77,40,43,1146),13.4597051144),
((77,55),(77,33,43,1254),(77,33,43,1218),12.9720790386),
((72,55),(72,55,48,1362),(72,55,48,1308),27.1986410618),
((72,55),(72,55,53,1612),(72,55,53,1526),42.4551239014),
((72,55),(72,55,48,1328),(72,55,48,1286),31.092772007),
((72,55),(72,55,53,1450),(72,55,53,1350),55.0107219219),
((72,55),(72,55,53,1542),(72,55,53,1456),45.7403929234),
((67,55),(67,55,68,1820),(67,55,68,1686),90.4403140545),
((67,55),(67,55,53,1442),(67,55,53,1376),53.5633399487),
((67,55),(67,55,63,1742),(67,55,63,1698),79.9547929764),
((67,55),(67,55,63,1726),(67,55,63,1640),84.4316589832),
((67,55),(67,55,68,1828),(67,55,68,1680),89.9122428894),
((62,55),(62,55,73,1820),(62,55,73,1760),116.655210972),
((276,27),(119,0,43,804),(119,0,43,804),9.01995491982),
((276,27),(121,0,43,804),(121,0,43,804),8.73897600174),
((276,27),(119,0,43,802),(119,0,43,802),9.00232601166),
((276,27),(119,0,43,806),(119,0,43,806),9.04288291931),
((276,27),(118,0,43,810),(118,0,43,810),8.96863293648),
((118,27),(118,0,43,806),(118,0,43,806),9.26936912537),
((118,27),(118,19,43,1020),(118,19,43,996),9.25055480003),
((118,27),(118,2,43,900),(118,2,43,896),9.23630905151),
((118,27),(118,0,43,804),(118,0,43,804),9.13505387306),
((118,27),(118,0,43,806),(118,0,43,806),9.35442781448),
((113,27),(113,22,43,1082),(113,22,43,1038),9.35610699654),
((113,27),(113,10,43,946),(113,10,43,940),9.4655919075),
((113,27),(113,3,43,898),(113,3,43,888),9.35475802422),
((113,27),(113,21,43,1104),(113,21,43,1058),9.40066313744),
((113,27),(113,10,43,988),(113,10,43,972),9.41355109215),
((108,27),(108,27,43,1422),(108,27,43,1360),9.8066380024),
((108,27),(108,27,43,1310),(108,27,43,1252),9.78215694427),
((108,27),(108,27,43,1412),(108,27,43,1316),10.0107829571),
((108,27),(108,27,43,1452),(108,27,43,1370),9.56538414955),
((108,27),(108,27,43,1164),(108,27,43,1106),9.38176393509),
((103,27),(103,27,43,1312),(103,27,43,1242),9.29302501678),
((103,27),(103,27,43,1468),(103,27,43,1404),9.32486009598),
((103,27),(103,27,43,1168),(103,27,43,1122),9.56754183769),
((103,27),(103,27,43,1444),(103,27,43,1308),10.2145009041),
((103,27),(103,27,43,1030),(103,27,43,996),9.52121710777),
((98,27),(98,27,43,1392),(98,27,43,1298),10.3856918812),
((98,27),(98,27,43,1374),(98,27,43,1284),10.3859210014),
((98,27),(98,27,43,1432),(98,27,43,1308),9.96860909462),
((98,27),(98,27,43,1374),(98,27,43,1262),10.4893620014),
((98,27),(98,27,43,1390),(98,27,43,1346),10.3381240368),
((93,27),(93,27,43,1328),(93,27,43,1248),10.346280098),
((93,27),(93,27,43,1328),(93,27,43,1274),9.94983506203),
((93,27),(93,27,43,1338),(93,27,43,1288),9.57330799103),
((93,27),(93,27,43,1402),(93,27,43,1342),9.90788292885),
((93,27),(93,27,43,1398),(93,27,43,1310),10.5570380688),
((88,27),(88,27,43,1382),(88,27,43,1274),15.1928501129),
((88,27),(88,27,43,1366),(88,27,43,1290),11.8078029156),
((88,27),(88,27,43,1390),(88,27,43,1292),11.7588708401),
((88,27),(88,27,43,1302),(88,27,43,1222),10.3303220272),
((88,27),(88,27,43,1364),(88,27,43,1278),10.7178370953),
((83,27),(83,27,43,1290),(83,27,43,1214),19.3403120041),
((83,27),(83,27,43,1264),(83,27,43,1198),17.176678896),
((83,27),(83,27,43,1290),(83,27,43,1208),14.2084519863),
((83,27),(83,27,43,1256),(83,27,43,1164),10.9469721317),
((83,27),(83,27,43,1362),(83,27,43,1300),12.571917057),
((78,27),(78,27,48,1378),(78,27,48,1290),28.9093699455),
((78,27),(78,25,43,1298),(78,25,43,1214),22.6763460636),
((78,27),(78,27,48,1358),(78,27,48,1264),36.5191981792),
((78,27),(78,27,58,1730),(78,27,58,1610),58.949985981),
((78,27),(78,27,53,1572),(78,27,53,1464),44.8494400978),
((73,27),(73,27,63,1776),(73,27,63,1620),73.0833809376),
((73,27),(73,27,58,1598),(73,27,58,1474),64.814095974),
((73,27),(73,27,73,1680),(73,27,73,1494),113.319646835),
((73,27),(73,27,58,1532),(73,27,58,1362),60.3091869354),
((73,27),(73,27,58,1606),(73,27,58,1502),63.1396780014),
((68,27),(68,27,68,1538),(68,27,68,1378),89.8006629944),
((68,27),(68,27,58,1440),(68,27,58,1374),60.1196689606),
((276,13),(119,0,43,804),(119,0,43,804),7.73250794411),
((276,13),(121,0,43,804),(121,0,43,804),8.85904598236),
((276,13),(119,0,43,802),(119,0,43,802),8.96867394447),
((276,13),(119,0,43,806),(119,0,43,806),9.02380299568),
((276,13),(118,0,43,810),(118,0,43,810),8.97365903854),
((118,13),(118,0,43,806),(118,0,43,806),8.68160796165),
((118,13),(118,13,43,1474),(115,13,43,1350),9.76766395569),
((118,13),(118,2,43,900),(118,2,43,896),9.18710517883),
((118,13),(118,0,43,804),(118,0,43,804),9.2182559967),
((118,13),(118,0,43,806),(118,0,43,806),9.25553703308),
((113,13),(113,13,43,1064),(112,13,43,1020),9.34836983681),
((113,13),(113,10,43,946),(113,10,43,940),9.54579114914),
((113,13),(113,3,43,898),(113,3,43,888),9.65666103363),
((113,13),(113,13,43,1378),(112,13,43,1258),9.7685008049),
((113,13),(113,10,43,988),(113,10,43,972),9.73679804802),
((108,13),(108,13,43,1346),(108,13,43,1240),9.81031894684),
((108,13),(108,13,43,1380),(108,13,43,1240),9.57023906708),
((108,13),(108,13,43,1312),(107,13,43,1192),9.20754408836),
((108,13),(108,13,43,1430),(108,13,43,1332),9.96808385849),
((108,13),(108,13,43,1464),(108,13,43,1322),9.70819211006),
((103,13),(103,13,43,1300),(103,13,43,1280),9.54977703094),
((103,13),(103,13,43,1466),(103,13,43,1352),9.78893184662),
((103,13),(103,13,43,1434),(103,13,43,1276),10.8215148449),
((103,13),(103,13,43,1396),(102,13,43,1288),10.1654090881),
((103,13),(103,13,43,1354),(102,13,43,1246),9.58385705948),
((98,13),(98,13,43,1300),(98,13,43,1220),8.87856984138),
((98,13),(98,13,43,1242),(98,13,43,1152),8.85229492188),
((98,13),(98,13,43,1286),(98,13,43,1190),8.80573606491),
((98,13),(98,13,43,1384),(98,13,43,1296),9.12676310539),
((98,13),(98,13,43,1262),(98,13,43,1160),11.0258619785),
((93,13),(93,13,43,1274),(93,13,43,1218),9.81323385239),
((93,13),(93,13,43,1252),(93,13,43,1192),10.0144839287),
((93,13),(93,13,43,1238),(93,13,43,1176),10.3632240295),
((93,13),(93,13,43,1288),(93,13,43,1240),9.63922786713),
((93,13),(93,13,43,1250),(93,13,43,1198),10.1353719234),
((88,13),(88,13,43,1326),(88,13,43,1256),10.1180028915),
((88,13),(88,13,43,1358),(88,13,43,1252),12.4842729568),
((88,13),(88,13,43,1290),(88,13,43,1228),9.56859111786),
((88,13),(88,13,43,1236),(88,13,43,1172),15.0813560486),
((88,13),(88,13,43,1280),(88,13,43,1218),10.4705510139),
((83,13),(83,13,48,1440),(83,13,48,1328),28.0137028694),
((83,13),(83,13,43,1298),(83,13,43,1240),16.5089521408),
((83,13),(83,13,43,1316),(83,13,43,1208),20.9935839176),
((83,13),(83,13,43,1210),(83,13,43,1124),23.2686829567),
((83,13),(83,13,43,1298),(83,13,43,1224),20.9350969791),
((78,13),(78,13,68,1976),(78,13,68,1770),94.8559639454),
((78,13),(78,13,68,1806),(78,13,68,1632),89.9452168941),
((78,13),(78,13,68,1766),(78,13,68,1564),98.2759389877),
((78,13),(78,13,63,1818),(78,13,63,1664),75.6669900417),
((73,13),(73,13,73,1866),(73,13,73,1666),115.157413006),
((73,13),(73,13,58,1568),(73,13,58,1372),62.4832949638),
((68,13),(68,13,73,1826),(68,13,73,1666),106.712609053),
((276,0),(118,0,43,802),(118,0,43,802),7.99700093269),
((276,0),(119,0,43,816),(119,0,43,816),8.13916611671),
((276,0),(119,0,43,812),(119,0,43,812),7.99911904335),
((276,0),(119,0,43,802),(119,0,43,802),8.10708713531),
((276,0),(119,0,43,808),(119,0,43,808),8.21292495728),
((118,0),(118,0,43,926),(118,0,43,912),8.34022283554),
((118,0),(118,0,43,804),(118,0,43,804),8.14041209221),
((118,0),(118,0,43,804),(118,0,43,804),8.22056293488),
((118,0),(118,0,43,804),(118,0,43,804),8.2134809494),
((118,0),(118,0,43,804),(118,0,43,804),8.58246397972),
((113,0),(113,0,43,1326),(112,0,43,1166),9.42340612411),
((113,0),(113,0,43,870),(113,0,43,864),9.24697685242),
((113,0),(113,0,43,936),(112,0,43,916),8.59234499931),
((113,0),(113,0,43,932),(113,0,43,902),8.32865095139),
((113,0),(113,0,43,934),(113,0,43,912),9.20533704758),
((108,0),(108,0,43,1264),(108,0,43,1114),9.42109012604),
((108,0),(108,0,43,954),(108,0,43,930),9.25316095352),
((108,0),(108,0,43,1278),(107,0,43,1160),9.38360285759),
((108,0),(108,0,43,1300),(107,0,43,1132),9.50978708267),
((108,0),(108,0,43,1252),(108,0,43,1148),9.34354996681),
((103,0),(103,0,43,1238),(103,0,43,1168),9.30466103554),
((103,0),(103,0,43,1232),(103,0,43,1162),9.77003002167),
((103,0),(103,0,43,1184),(102,0,43,1110),9.83969497681),
((103,0),(103,0,43,1328),(102,0,43,1146),9.50831985474),
((103,0),(103,0,43,1272),(103,0,43,1204),9.01635408401),
((98,0),(98,0,43,1184),(98,0,43,1090),9.35216784477),
((98,0),(98,0,43,1276),(97,0,43,1088),10.2709028721),
((98,0),(98,0,43,1064),(98,0,43,1024),9.26880693436),
((98,0),(98,0,43,1258),(98,0,43,1144),8.81163191795),
((98,0),(98,0,43,1314),(98,0,43,1162),8.78759503365),
((93,0),(93,0,43,1164),(93,0,43,1088),9.46654105186),
((93,0),(93,0,43,1124),(93,0,43,1022),9.1160261631),
((93,0),(93,0,43,1142),(93,0,43,1054),9.09714794159),
((93,0),(93,0,43,1178),(92,0,43,1092),8.81508517265),
((93,0),(93,0,43,1238),(92,0,43,1092),9.33077406883),
((88,0),(88,0,43,1164),(87,0,43,1066),9.10928297043),
((88,0),(88,0,43,1078),(88,0,43,1040),9.01487898827),
((88,0),(88,0,43,1136),(88,0,43,1050),9.25470709801),
((88,0),(88,0,43,1150),(87,0,43,1068),9.26493597031),
((88,0),(88,0,43,1170),(88,0,43,1084),9.73624801636),
((83,0),(83,0,43,1086),(83,0,43,1038),9.39261603355),
((83,0),(83,0,43,1180),(83,0,43,1064),12.5563411713),
((83,0),(83,0,43,1168),(83,0,43,1096),11.4174342155),
((83,0),(83,0,48,1274),(83,0,48,1134),28.3494319916),
((83,0),(83,0,43,1196),(83,0,43,1092),18.7177901268),
((78,0),(78,0,43,1132),(78,0,43,1038),23.1136260033),
((78,0),(78,0,63,1622),(78,0,63,1418),74.9194509983),
((78,0),(78,0,48,1266),(78,0,48,1142),31.9756810665),
((78,0),(78,0,43,1056),(78,0,43,978),20.9432449341),
((78,0),(78,0,43,1154),(78,0,43,1066),11.0902338028),
((73,0),(73,0,58,1460),(73,0,58,1268),62.9469730854),
((73,0),(73,0,58,1534),(73,0,58,1234),65.9412958622),
((73,0),(73,0,48,1192),(73,0,48,1074),24.8501088619),
((73,0),(73,0,68,1606),(73,0,68,1442),91.2969529629),
((73,0),(73,0,68,1566),(73,0,68,1344),101.621591091),
((68,0),(68,0,63,1300),(68,0,63,1184),77.1762599945),
((63,0),(63,0,68,1414),(63,0,68,1260),93.986274004),
